 # Time,   Mach,     alfa,     beta,     Cd,     CL_alfa,     Cn_p_alfa,     Cn_q_alfa 
1.000e-02, 2.841e+00, 0.000e+00, 0.000e+00, 3.200e-01, 0.000e+00, 0.000e+00, 0.000e+00
2.000e-02, 2.773e+00, 0.000e+00, 0.000e+00, 3.200e-01, 0.000e+00, 0.000e+00, 0.000e+00
3.000e-02, 2.707e+00, 0.000e+00, 0.000e+00, 3.200e-01, 0.000e+00, 0.000e+00, 0.000e+00
4.000e-02, 2.650e+00, 0.000e+00, 0.000e+00, 3.200e-01, 0.000e+00, 0.000e+00, 0.000e+00
5.000e-02, 2.587e+00, 0.000e+00, 0.000e+00, 3.200e-01, 0.000e+00, 0.000e+00, 0.000e+00
6.000e-02, 2.536e+00, 0.000e+00, 0.000e+00, 3.200e-01, 0.000e+00, 0.000e+00, 0.000e+00
7.000e-02, 2.484e+00, 0.000e+00, 0.000e+00, 3.210e-01, 0.000e+00, 0.000e+00, 0.000e+00
8.000e-02, 2.422e+00, 0.000e+00, 0.000e+00, 3.250e-01, 0.000e+00, 0.000e+00, 0.000e+00
9.000e-02, 2.371e+00, 0.000e+00, 0.000e+00, 3.282e-01, 0.000e+00, 0.000e+00, 0.000e+00
1.000e-01, 2.334e+00, 0.000e+00, 0.000e+00, 3.305e-01, 0.000e+00, 0.000e+00, 0.000e+00
1.100e-01, 2.286e+00, 0.000e+00, 0.000e+00, 3.335e-01, 0.000e+00, 0.000e+00, 0.000e+00
1.200e-01, 2.240e+00, 0.000e+00, 0.000e+00, 3.365e-01, 0.000e+00, 0.000e+00, 0.000e+00
1.300e-01, 2.199e+00, 0.000e+00, 0.000e+00, 3.391e-01, 0.000e+00, 0.000e+00, 0.000e+00
1.400e-01, 2.150e+00, 0.000e+00, 0.000e+00, 3.418e-01, 0.000e+00, 0.000e+00, 0.000e+00
1.500e-01, 2.107e+00, 0.000e+00, 0.000e+00, 3.441e-01, 0.000e+00, 0.000e+00, 0.000e+00
1.600e-01, 2.066e+00, 0.000e+00, 0.000e+00, 3.464e-01, 0.000e+00, 0.000e+00, 0.000e+00
1.700e-01, 2.026e+00, 0.000e+00, 0.000e+00, 3.486e-01, 0.000e+00, 0.000e+00, 0.000e+00
1.800e-01, 1.999e+00, 0.000e+00, 0.000e+00, 3.501e-01, 0.000e+00, 0.000e+00, 0.000e+00
1.900e-01, 1.953e+00, 0.000e+00, 0.000e+00, 3.535e-01, 0.000e+00, 0.000e+00, 0.000e+00
2.000e-01, 1.917e+00, 0.000e+00, 0.000e+00, 3.562e-01, 0.000e+00, 0.000e+00, 0.000e+00
2.100e-01, 1.882e+00, 0.000e+00, 0.000e+00, 3.588e-01, 0.000e+00, 0.000e+00, 0.000e+00
2.200e-01, 1.848e+00, 0.000e+00, 0.000e+00, 3.614e-01, 0.000e+00, 0.000e+00, 0.000e+00
2.300e-01, 1.826e+00, 0.000e+00, 0.000e+00, 3.630e-01, 0.000e+00, 0.000e+00, 0.000e+00
2.400e-01, 1.794e+00, 0.000e+00, 0.000e+00, 3.656e-01, 0.000e+00, 0.000e+00, 0.000e+00
2.500e-01, 1.763e+00, 0.000e+00, 0.000e+00, 3.687e-01, 0.000e+00, 0.000e+00, 0.000e+00
2.600e-01, 1.732e+00, 0.000e+00, 0.000e+00, 3.718e-01, 0.000e+00, 0.000e+00, 0.000e+00
2.700e-01, 1.703e+00, 0.000e+00, 0.000e+00, 3.747e-01, 0.000e+00, 0.000e+00, 0.000e+00
2.800e-01, 1.674e+00, 0.000e+00, 0.000e+00, 3.776e-01, 0.000e+00, 0.000e+00, 0.000e+00
2.900e-01, 1.646e+00, 0.000e+00, 0.000e+00, 3.804e-01, 0.000e+00, 0.000e+00, 0.000e+00
3.000e-01, 1.619e+00, 0.000e+00, 0.000e+00, 3.831e-01, 0.000e+00, 0.000e+00, 0.000e+00
3.100e-01, 1.595e+00, 0.000e+00, 0.000e+00, 3.856e-01, 0.000e+00, 0.000e+00, 0.000e+00
3.200e-01, 1.566e+00, 0.000e+00, 0.000e+00, 3.893e-01, 0.000e+00, 0.000e+00, 0.000e+00
3.300e-01, 1.541e+00, 0.000e+00, 0.000e+00, 3.924e-01, 0.000e+00, 0.000e+00, 0.000e+00
3.400e-01, 1.516e+00, 0.000e+00, 0.000e+00, 3.955e-01, 0.000e+00, 0.000e+00, 0.000e+00
3.500e-01, 1.492e+00, 0.000e+00, 0.000e+00, 3.985e-01, 0.000e+00, 0.000e+00, 0.000e+00
3.600e-01, 1.469e+00, 0.000e+00, 0.000e+00, 4.013e-01, 0.000e+00, 0.000e+00, 0.000e+00
3.700e-01, 1.447e+00, 0.000e+00, 0.000e+00, 4.042e-01, 0.000e+00, 0.000e+00, 0.000e+00
3.800e-01, 1.424e+00, 0.000e+00, 0.000e+00, 4.070e-01, 0.000e+00, 0.000e+00, 0.000e+00
3.900e-01, 1.403e+00, 0.000e+00, 0.000e+00, 4.097e-01, 0.000e+00, 0.000e+00, 0.000e+00
4.000e-01, 1.386e+00, 0.000e+00, 0.000e+00, 4.117e-01, 0.000e+00, 0.000e+00, 0.000e+00
4.100e-01, 1.361e+00, 0.000e+00, 0.000e+00, 4.147e-01, 0.000e+00, 0.000e+00, 0.000e+00
4.200e-01, 1.341e+00, 0.000e+00, 0.000e+00, 4.171e-01, 0.000e+00, 0.000e+00, 0.000e+00
4.300e-01, 1.321e+00, 0.000e+00, 0.000e+00, 4.195e-01, 0.000e+00, 0.000e+00, 0.000e+00
4.400e-01, 1.302e+00, 0.000e+00, 0.000e+00, 4.218e-01, 0.000e+00, 0.000e+00, 0.000e+00
4.500e-01, 1.283e+00, 0.000e+00, 0.000e+00, 4.240e-01, 0.000e+00, 0.000e+00, 0.000e+00
4.600e-01, 1.265e+00, 0.000e+00, 0.000e+00, 4.263e-01, 0.000e+00, 0.000e+00, 0.000e+00
4.700e-01, 1.247e+00, 0.000e+00, 0.000e+00, 4.284e-01, 0.000e+00, 0.000e+00, 0.000e+00
4.800e-01, 1.229e+00, 0.000e+00, 0.000e+00, 4.305e-01, 0.000e+00, 0.000e+00, 0.000e+00
4.900e-01, 1.212e+00, 0.000e+00, 0.000e+00, 4.326e-01, 0.000e+00, 0.000e+00, 0.000e+00
5.000e-01, 1.200e+00, 0.000e+00, 0.000e+00, 4.340e-01, 0.000e+00, 0.000e+00, 0.000e+00
5.100e-01, 1.182e+00, 0.000e+00, 0.000e+00, 4.363e-01, 0.000e+00, 0.000e+00, 0.000e+00
5.200e-01, 1.163e+00, 0.000e+00, 0.000e+00, 4.389e-01, 0.000e+00, 0.000e+00, 0.000e+00
5.300e-01, 1.147e+00, 0.000e+00, 0.000e+00, 4.409e-01, 0.000e+00, 0.000e+00, 0.000e+00
5.400e-01, 1.132e+00, 0.000e+00, 0.000e+00, 4.429e-01, 0.000e+00, 0.000e+00, 0.000e+00
5.500e-01, 1.117e+00, 0.000e+00, 0.000e+00, 4.448e-01, 0.000e+00, 0.000e+00, 0.000e+00
5.600e-01, 1.102e+00, 0.000e+00, 0.000e+00, 4.468e-01, 0.000e+00, 0.000e+00, 0.000e+00
5.700e-01, 1.092e+00, 0.000e+00, 0.000e+00, 4.473e-01, 0.000e+00, 0.000e+00, 0.000e+00
5.800e-01, 1.077e+00, 0.000e+00, 0.000e+00, 4.479e-01, 0.000e+00, 0.000e+00, 0.000e+00
5.900e-01, 1.064e+00, 0.000e+00, 0.000e+00, 4.485e-01, 0.000e+00, 0.000e+00, 0.000e+00
6.000e-01, 1.050e+00, 0.000e+00, 0.000e+00, 4.490e-01, 0.000e+00, 0.000e+00, 0.000e+00
6.100e-01, 1.039e+00, 0.000e+00, 0.000e+00, 4.450e-01, 0.000e+00, 0.000e+00, 0.000e+00
6.200e-01, 1.026e+00, 0.000e+00, 0.000e+00, 4.400e-01, 0.000e+00, 0.000e+00, 0.000e+00
6.300e-01, 1.014e+00, 0.000e+00, 0.000e+00, 4.353e-01, 0.000e+00, 0.000e+00, 0.000e+00
6.400e-01, 1.002e+00, 0.000e+00, 0.000e+00, 4.308e-01, 0.000e+00, 0.000e+00, 0.000e+00
6.500e-01, 9.915e-01, 0.000e+00, 0.000e+00, 3.978e-01, 0.000e+00, 0.000e+00, 0.000e+00
6.600e-01, 9.818e-01, 0.000e+00, 0.000e+00, 3.607e-01, 0.000e+00, 0.000e+00, 0.000e+00
6.700e-01, 9.725e-01, 0.000e+00, 0.000e+00, 3.256e-01, 0.000e+00, 0.000e+00, 0.000e+00
6.800e-01, 9.657e-01, 0.000e+00, 0.000e+00, 2.998e-01, 0.000e+00, 0.000e+00, 0.000e+00
6.900e-01, 9.584e-01, 0.000e+00, 0.000e+00, 2.718e-01, 0.000e+00, 0.000e+00, 0.000e+00
7.000e-01, 9.525e-01, 0.000e+00, 0.000e+00, 2.494e-01, 0.000e+00, 0.000e+00, 0.000e+00
7.100e-01, 9.455e-01, 0.000e+00, 0.000e+00, 2.327e-01, 0.000e+00, 0.000e+00, 0.000e+00
7.200e-01, 9.410e-01, 0.000e+00, 0.000e+00, 2.256e-01, 0.000e+00, 0.000e+00, 0.000e+00
7.300e-01, 9.357e-01, 0.000e+00, 0.000e+00, 2.171e-01, 0.000e+00, 0.000e+00, 0.000e+00
7.400e-01, 9.307e-01, 0.000e+00, 0.000e+00, 2.090e-01, 0.000e+00, 0.000e+00, 0.000e+00
7.500e-01, 9.258e-01, 0.000e+00, 0.000e+00, 2.013e-01, 0.000e+00, 0.000e+00, 0.000e+00
7.600e-01, 9.213e-01, 0.000e+00, 0.000e+00, 1.940e-01, 0.000e+00, 0.000e+00, 0.000e+00
7.700e-01, 9.169e-01, 0.000e+00, 0.000e+00, 1.870e-01, 0.000e+00, 0.000e+00, 0.000e+00
7.800e-01, 9.127e-01, 0.000e+00, 0.000e+00, 1.803e-01, 0.000e+00, 0.000e+00, 0.000e+00
7.900e-01, 9.087e-01, 0.000e+00, 0.000e+00, 1.739e-01, 0.000e+00, 0.000e+00, 0.000e+00
8.000e-01, 9.060e-01, 0.000e+00, 0.000e+00, 1.695e-01, 0.000e+00, 0.000e+00, 0.000e+00
8.100e-01, 9.023e-01, 0.000e+00, 0.000e+00, 1.637e-01, 0.000e+00, 0.000e+00, 0.000e+00
8.200e-01, 8.984e-01, 0.000e+00, 0.000e+00, 1.594e-01, 0.000e+00, 0.000e+00, 0.000e+00
8.300e-01, 8.950e-01, 0.000e+00, 0.000e+00, 1.582e-01, 0.000e+00, 0.000e+00, 0.000e+00
8.400e-01, 8.917e-01, 0.000e+00, 0.000e+00, 1.570e-01, 0.000e+00, 0.000e+00, 0.000e+00
8.500e-01, 8.883e-01, 0.000e+00, 0.000e+00, 1.558e-01, 0.000e+00, 0.000e+00, 0.000e+00
8.600e-01, 8.851e-01, 0.000e+00, 0.000e+00, 1.546e-01, 0.000e+00, 0.000e+00, 0.000e+00
8.700e-01, 8.819e-01, 0.000e+00, 0.000e+00, 1.535e-01, 0.000e+00, 0.000e+00, 0.000e+00
8.800e-01, 8.787e-01, 0.000e+00, 0.000e+00, 1.523e-01, 0.000e+00, 0.000e+00, 0.000e+00
8.900e-01, 8.756e-01, 0.000e+00, 0.000e+00, 1.512e-01, 0.000e+00, 0.000e+00, 0.000e+00
9.000e-01, 8.725e-01, 0.000e+00, 0.000e+00, 1.501e-01, 0.000e+00, 0.000e+00, 0.000e+00
9.100e-01, 8.702e-01, 0.000e+00, 0.000e+00, 1.493e-01, 0.000e+00, 0.000e+00, 0.000e+00
9.200e-01, 8.672e-01, 0.000e+00, 0.000e+00, 1.482e-01, 0.000e+00, 0.000e+00, 0.000e+00
9.300e-01, 8.643e-01, 0.000e+00, 0.000e+00, 1.471e-01, 0.000e+00, 0.000e+00, 0.000e+00
9.400e-01, 8.614e-01, 0.000e+00, 0.000e+00, 1.461e-01, 0.000e+00, 0.000e+00, 0.000e+00
9.500e-01, 8.585e-01, 0.000e+00, 0.000e+00, 1.451e-01, 0.000e+00, 0.000e+00, 0.000e+00
9.600e-01, 8.557e-01, 0.000e+00, 0.000e+00, 1.440e-01, 0.000e+00, 0.000e+00, 0.000e+00
9.700e-01, 8.529e-01, 0.000e+00, 0.000e+00, 1.430e-01, 0.000e+00, 0.000e+00, 0.000e+00
9.800e-01, 8.501e-01, 0.000e+00, 0.000e+00, 1.420e-01, 0.000e+00, 0.000e+00, 0.000e+00
9.900e-01, 8.476e-01, 0.000e+00, 0.000e+00, 1.419e-01, 0.000e+00, 0.000e+00, 0.000e+00
1.000e+00, 8.443e-01, 0.000e+00, 0.000e+00, 1.418e-01, 0.000e+00, 0.000e+00, 0.000e+00
1.010e+00, 8.416e-01, 0.000e+00, 0.000e+00, 1.417e-01, 0.000e+00, 0.000e+00, 0.000e+00
1.020e+00, 8.389e-01, 0.000e+00, 0.000e+00, 1.416e-01, 0.000e+00, 0.000e+00, 0.000e+00
1.030e+00, 8.363e-01, 0.000e+00, 0.000e+00, 1.415e-01, 0.000e+00, 0.000e+00, 0.000e+00
1.040e+00, 8.337e-01, 0.000e+00, 0.000e+00, 1.413e-01, 0.000e+00, 0.000e+00, 0.000e+00
1.050e+00, 8.311e-01, 0.000e+00, 0.000e+00, 1.412e-01, 0.000e+00, 0.000e+00, 0.000e+00
1.060e+00, 8.285e-01, 0.000e+00, 0.000e+00, 1.411e-01, 0.000e+00, 0.000e+00, 0.000e+00
1.070e+00, 8.259e-01, 0.000e+00, 0.000e+00, 1.410e-01, 0.000e+00, 0.000e+00, 0.000e+00
1.080e+00, 8.234e-01, 0.000e+00, 0.000e+00, 1.409e-01, 0.000e+00, 0.000e+00, 0.000e+00
1.090e+00, 8.209e-01, 0.000e+00, 0.000e+00, 1.408e-01, 0.000e+00, 0.000e+00, 0.000e+00
1.100e+00, 8.183e-01, 0.000e+00, 0.000e+00, 1.407e-01, 0.000e+00, 0.000e+00, 0.000e+00
1.110e+00, 8.158e-01, 0.000e+00, 0.000e+00, 1.406e-01, 0.000e+00, 0.000e+00, 0.000e+00
1.120e+00, 8.134e-01, 0.000e+00, 0.000e+00, 1.405e-01, 0.000e+00, 0.000e+00, 0.000e+00
1.130e+00, 8.109e-01, 0.000e+00, 0.000e+00, 1.404e-01, 0.000e+00, 0.000e+00, 0.000e+00
1.140e+00, 8.085e-01, 0.000e+00, 0.000e+00, 1.403e-01, 0.000e+00, 0.000e+00, 0.000e+00
1.150e+00, 8.060e-01, 0.000e+00, 0.000e+00, 1.402e-01, 0.000e+00, 0.000e+00, 0.000e+00
1.160e+00, 8.036e-01, 0.000e+00, 0.000e+00, 1.401e-01, 0.000e+00, 0.000e+00, 0.000e+00
1.170e+00, 8.012e-01, 0.000e+00, 0.000e+00, 1.400e-01, 0.000e+00, 0.000e+00, 0.000e+00
1.180e+00, 7.994e-01, 0.000e+00, 0.000e+00, 1.400e-01, 0.000e+00, 0.000e+00, 0.000e+00
1.190e+00, 7.961e-01, 0.000e+00, 0.000e+00, 1.400e-01, 0.000e+00, 0.000e+00, 0.000e+00
1.200e+00, 7.938e-01, 0.000e+00, 0.000e+00, 1.400e-01, 0.000e+00, 0.000e+00, 0.000e+00
1.210e+00, 7.915e-01, 0.000e+00, 0.000e+00, 1.400e-01, 0.000e+00, 0.000e+00, 0.000e+00
1.220e+00, 7.891e-01, 0.000e+00, 0.000e+00, 1.400e-01, 0.000e+00, 0.000e+00, 0.000e+00
1.230e+00, 7.868e-01, 0.000e+00, 0.000e+00, 1.400e-01, 0.000e+00, 0.000e+00, 0.000e+00
1.240e+00, 7.845e-01, 0.000e+00, 0.000e+00, 1.400e-01, 0.000e+00, 0.000e+00, 0.000e+00
1.250e+00, 7.823e-01, 0.000e+00, 0.000e+00, 1.400e-01, 0.000e+00, 0.000e+00, 0.000e+00
1.260e+00, 7.800e-01, 0.000e+00, 0.000e+00, 1.400e-01, 0.000e+00, 0.000e+00, 0.000e+00
1.270e+00, 7.789e-01, 0.000e+00, 0.000e+00, 1.400e-01, 0.000e+00, 0.000e+00, 0.000e+00
1.280e+00, 7.767e-01, 0.000e+00, 0.000e+00, 1.400e-01, 0.000e+00, 0.000e+00, 0.000e+00
1.290e+00, 7.745e-01, 0.000e+00, 0.000e+00, 1.400e-01, 0.000e+00, 0.000e+00, 0.000e+00
1.300e+00, 7.722e-01, 0.000e+00, 0.000e+00, 1.400e-01, 0.000e+00, 0.000e+00, 0.000e+00
1.310e+00, 7.700e-01, 0.000e+00, 0.000e+00, 1.400e-01, 0.000e+00, 0.000e+00, 0.000e+00
1.320e+00, 7.678e-01, 0.000e+00, 0.000e+00, 1.400e-01, 0.000e+00, 0.000e+00, 0.000e+00
1.330e+00, 7.657e-01, 0.000e+00, 0.000e+00, 1.400e-01, 0.000e+00, 0.000e+00, 0.000e+00
1.340e+00, 7.635e-01, 0.000e+00, 0.000e+00, 1.400e-01, 0.000e+00, 0.000e+00, 0.000e+00
1.350e+00, 7.613e-01, 0.000e+00, 0.000e+00, 1.400e-01, 0.000e+00, 0.000e+00, 0.000e+00
1.360e+00, 7.592e-01, 0.000e+00, 0.000e+00, 1.400e-01, 0.000e+00, 0.000e+00, 0.000e+00
1.370e+00, 7.571e-01, 0.000e+00, 0.000e+00, 1.400e-01, 0.000e+00, 0.000e+00, 0.000e+00
1.380e+00, 7.549e-01, 0.000e+00, 0.000e+00, 1.400e-01, 0.000e+00, 0.000e+00, 0.000e+00
1.390e+00, 7.528e-01, 0.000e+00, 0.000e+00, 1.400e-01, 0.000e+00, 0.000e+00, 0.000e+00
1.400e+00, 7.507e-01, 0.000e+00, 0.000e+00, 1.400e-01, 0.000e+00, 0.000e+00, 0.000e+00
1.410e+00, 7.487e-01, 0.000e+00, 0.000e+00, 1.400e-01, 0.000e+00, 0.000e+00, 0.000e+00
1.420e+00, 7.466e-01, 0.000e+00, 0.000e+00, 1.400e-01, 0.000e+00, 0.000e+00, 0.000e+00
1.430e+00, 7.445e-01, 0.000e+00, 0.000e+00, 1.400e-01, 0.000e+00, 0.000e+00, 0.000e+00
1.440e+00, 7.425e-01, 0.000e+00, 0.000e+00, 1.400e-01, 0.000e+00, 0.000e+00, 0.000e+00
1.450e+00, 7.404e-01, 0.000e+00, 0.000e+00, 1.400e-01, 0.000e+00, 0.000e+00, 0.000e+00
1.460e+00, 7.384e-01, 0.000e+00, 0.000e+00, 1.400e-01, 0.000e+00, 0.000e+00, 0.000e+00
1.470e+00, 7.364e-01, 0.000e+00, 0.000e+00, 1.400e-01, 0.000e+00, 0.000e+00, 0.000e+00
1.480e+00, 7.344e-01, 0.000e+00, 0.000e+00, 1.400e-01, 0.000e+00, 0.000e+00, 0.000e+00
1.490e+00, 7.324e-01, 0.000e+00, 0.000e+00, 1.400e-01, 0.000e+00, 0.000e+00, 0.000e+00
1.500e+00, 7.304e-01, 0.000e+00, 0.000e+00, 1.400e-01, 0.000e+00, 0.000e+00, 0.000e+00
1.510e+00, 7.284e-01, 0.000e+00, 0.000e+00, 1.400e-01, 0.000e+00, 0.000e+00, 0.000e+00
1.520e+00, 7.265e-01, 0.000e+00, 0.000e+00, 1.400e-01, 0.000e+00, 0.000e+00, 0.000e+00
1.530e+00, 7.245e-01, 0.000e+00, 0.000e+00, 1.400e-01, 0.000e+00, 0.000e+00, 0.000e+00
1.540e+00, 7.226e-01, 0.000e+00, 0.000e+00, 1.400e-01, 0.000e+00, 0.000e+00, 0.000e+00
1.550e+00, 7.206e-01, 0.000e+00, 0.000e+00, 1.400e-01, 0.000e+00, 0.000e+00, 0.000e+00
1.560e+00, 7.187e-01, 0.000e+00, 0.000e+00, 1.400e-01, 0.000e+00, 0.000e+00, 0.000e+00
1.570e+00, 7.168e-01, 0.000e+00, 0.000e+00, 1.400e-01, 0.000e+00, 0.000e+00, 0.000e+00
1.580e+00, 7.149e-01, 0.000e+00, 0.000e+00, 1.400e-01, 0.000e+00, 0.000e+00, 0.000e+00
1.590e+00, 7.130e-01, 0.000e+00, 0.000e+00, 1.400e-01, 0.000e+00, 0.000e+00, 0.000e+00
1.600e+00, 7.111e-01, 0.000e+00, 0.000e+00, 1.400e-01, 0.000e+00, 0.000e+00, 0.000e+00
1.610e+00, 7.093e-01, 0.000e+00, 0.000e+00, 1.400e-01, 0.000e+00, 0.000e+00, 0.000e+00
1.620e+00, 7.074e-01, 0.000e+00, 0.000e+00, 1.400e-01, 0.000e+00, 0.000e+00, 0.000e+00
1.630e+00, 7.056e-01, 0.000e+00, 0.000e+00, 1.400e-01, 0.000e+00, 0.000e+00, 0.000e+00
1.640e+00, 7.037e-01, 0.000e+00, 0.000e+00, 1.400e-01, 0.000e+00, 0.000e+00, 0.000e+00
1.650e+00, 7.019e-01, 0.000e+00, 0.000e+00, 1.400e-01, 0.000e+00, 0.000e+00, 0.000e+00
1.660e+00, 7.001e-01, 0.000e+00, 0.000e+00, 1.400e-01, 0.000e+00, 0.000e+00, 0.000e+00
1.670e+00, 6.982e-01, 0.000e+00, 0.000e+00, 1.400e-01, 0.000e+00, 0.000e+00, 0.000e+00
1.680e+00, 6.964e-01, 0.000e+00, 0.000e+00, 1.400e-01, 0.000e+00, 0.000e+00, 0.000e+00
1.690e+00, 6.946e-01, 0.000e+00, 0.000e+00, 1.400e-01, 0.000e+00, 0.000e+00, 0.000e+00
1.700e+00, 6.929e-01, 0.000e+00, 0.000e+00, 1.400e-01, 0.000e+00, 0.000e+00, 0.000e+00
1.710e+00, 6.911e-01, 0.000e+00, 0.000e+00, 1.400e-01, 0.000e+00, 0.000e+00, 0.000e+00
1.720e+00, 6.893e-01, 0.000e+00, 0.000e+00, 1.400e-01, 0.000e+00, 0.000e+00, 0.000e+00
1.730e+00, 6.876e-01, 0.000e+00, 0.000e+00, 1.400e-01, 0.000e+00, 0.000e+00, 0.000e+00
1.740e+00, 6.858e-01, 0.000e+00, 0.000e+00, 1.400e-01, 0.000e+00, 0.000e+00, 0.000e+00
1.750e+00, 6.841e-01, 0.000e+00, 0.000e+00, 1.400e-01, 0.000e+00, 0.000e+00, 0.000e+00
1.760e+00, 6.823e-01, 0.000e+00, 0.000e+00, 1.400e-01, 0.000e+00, 0.000e+00, 0.000e+00
1.770e+00, 6.806e-01, 0.000e+00, 0.000e+00, 1.400e-01, 0.000e+00, 0.000e+00, 0.000e+00
1.780e+00, 6.789e-01, 0.000e+00, 0.000e+00, 1.400e-01, 0.000e+00, 0.000e+00, 0.000e+00
1.790e+00, 6.772e-01, 0.000e+00, 0.000e+00, 1.400e-01, 0.000e+00, 0.000e+00, 0.000e+00
1.800e+00, 6.755e-01, 0.000e+00, 0.000e+00, 1.400e-01, 0.000e+00, 0.000e+00, 0.000e+00
1.810e+00, 6.738e-01, 0.000e+00, 0.000e+00, 1.400e-01, 0.000e+00, 0.000e+00, 0.000e+00
1.820e+00, 6.721e-01, 0.000e+00, 0.000e+00, 1.400e-01, 0.000e+00, 0.000e+00, 0.000e+00
1.830e+00, 6.705e-01, 0.000e+00, 0.000e+00, 1.400e-01, 0.000e+00, 0.000e+00, 0.000e+00
1.840e+00, 6.688e-01, 0.000e+00, 0.000e+00, 1.400e-01, 0.000e+00, 0.000e+00, 0.000e+00
1.850e+00, 6.671e-01, 0.000e+00, 0.000e+00, 1.400e-01, 0.000e+00, 0.000e+00, 0.000e+00
1.860e+00, 6.655e-01, 0.000e+00, 0.000e+00, 1.400e-01, 0.000e+00, 0.000e+00, 0.000e+00
1.870e+00, 6.639e-01, 0.000e+00, 0.000e+00, 1.400e-01, 0.000e+00, 0.000e+00, 0.000e+00
1.880e+00, 6.622e-01, 0.000e+00, 0.000e+00, 1.400e-01, 0.000e+00, 0.000e+00, 0.000e+00
1.890e+00, 6.606e-01, 0.000e+00, 0.000e+00, 1.400e-01, 0.000e+00, 0.000e+00, 0.000e+00
1.900e+00, 6.590e-01, 0.000e+00, 0.000e+00, 1.400e-01, 0.000e+00, 0.000e+00, 0.000e+00
1.910e+00, 6.574e-01, 0.000e+00, 0.000e+00, 1.400e-01, 0.000e+00, 0.000e+00, 0.000e+00
1.920e+00, 6.558e-01, 0.000e+00, 0.000e+00, 1.400e-01, 0.000e+00, 0.000e+00, 0.000e+00
1.930e+00, 6.542e-01, 0.000e+00, 0.000e+00, 1.400e-01, 0.000e+00, 0.000e+00, 0.000e+00
1.940e+00, 6.526e-01, 0.000e+00, 0.000e+00, 1.400e-01, 0.000e+00, 0.000e+00, 0.000e+00
1.950e+00, 6.510e-01, 0.000e+00, 0.000e+00, 1.400e-01, 0.000e+00, 0.000e+00, 0.000e+00
1.960e+00, 6.495e-01, 0.000e+00, 0.000e+00, 1.400e-01, 0.000e+00, 0.000e+00, 0.000e+00
1.970e+00, 6.479e-01, 0.000e+00, 0.000e+00, 1.400e-01, 0.000e+00, 0.000e+00, 0.000e+00
1.980e+00, 6.464e-01, 0.000e+00, 0.000e+00, 1.400e-01, 0.000e+00, 0.000e+00, 0.000e+00
1.990e+00, 6.448e-01, 0.000e+00, 0.000e+00, 1.400e-01, 0.000e+00, 0.000e+00, 0.000e+00
2.000e+00, 6.433e-01, 0.000e+00, 0.000e+00, 1.400e-01, 0.000e+00, 0.000e+00, 0.000e+00
2.010e+00, 6.417e-01, 0.000e+00, 0.000e+00, 1.400e-01, 0.000e+00, 0.000e+00, 0.000e+00
2.020e+00, 6.402e-01, 0.000e+00, 0.000e+00, 1.400e-01, 0.000e+00, 0.000e+00, 0.000e+00
2.030e+00, 6.387e-01, 0.000e+00, 0.000e+00, 1.400e-01, 0.000e+00, 0.000e+00, 0.000e+00
2.040e+00, 6.372e-01, 0.000e+00, 0.000e+00, 1.400e-01, 0.000e+00, 0.000e+00, 0.000e+00
2.050e+00, 6.357e-01, 0.000e+00, 0.000e+00, 1.400e-01, 0.000e+00, 0.000e+00, 0.000e+00
2.060e+00, 6.342e-01, 0.000e+00, 0.000e+00, 1.400e-01, 0.000e+00, 0.000e+00, 0.000e+00
2.070e+00, 6.327e-01, 0.000e+00, 0.000e+00, 1.400e-01, 0.000e+00, 0.000e+00, 0.000e+00
2.080e+00, 6.312e-01, 0.000e+00, 0.000e+00, 1.400e-01, 0.000e+00, 0.000e+00, 0.000e+00
2.090e+00, 6.297e-01, 0.000e+00, 0.000e+00, 1.400e-01, 0.000e+00, 0.000e+00, 0.000e+00
2.100e+00, 6.283e-01, 0.000e+00, 0.000e+00, 1.400e-01, 0.000e+00, 0.000e+00, 0.000e+00
2.110e+00, 6.268e-01, 0.000e+00, 0.000e+00, 1.400e-01, 0.000e+00, 0.000e+00, 0.000e+00
2.120e+00, 6.254e-01, 0.000e+00, 0.000e+00, 1.400e-01, 0.000e+00, 0.000e+00, 0.000e+00
2.130e+00, 6.239e-01, 0.000e+00, 0.000e+00, 1.400e-01, 0.000e+00, 0.000e+00, 0.000e+00
2.140e+00, 6.225e-01, 0.000e+00, 0.000e+00, 1.400e-01, 0.000e+00, 0.000e+00, 0.000e+00
2.150e+00, 6.210e-01, 0.000e+00, 0.000e+00, 1.400e-01, 0.000e+00, 0.000e+00, 0.000e+00
2.160e+00, 6.196e-01, 0.000e+00, 0.000e+00, 1.400e-01, 0.000e+00, 0.000e+00, 0.000e+00
2.170e+00, 6.182e-01, 0.000e+00, 0.000e+00, 1.400e-01, 0.000e+00, 0.000e+00, 0.000e+00
2.180e+00, 6.168e-01, 0.000e+00, 0.000e+00, 1.400e-01, 0.000e+00, 0.000e+00, 0.000e+00
2.190e+00, 6.154e-01, 0.000e+00, 0.000e+00, 1.400e-01, 0.000e+00, 0.000e+00, 0.000e+00
2.200e+00, 6.140e-01, 0.000e+00, 0.000e+00, 1.400e-01, 0.000e+00, 0.000e+00, 0.000e+00
2.210e+00, 6.126e-01, 0.000e+00, 0.000e+00, 1.400e-01, 0.000e+00, 0.000e+00, 0.000e+00
2.220e+00, 6.112e-01, 0.000e+00, 0.000e+00, 1.400e-01, 0.000e+00, 0.000e+00, 0.000e+00
2.230e+00, 6.098e-01, 0.000e+00, 0.000e+00, 1.400e-01, 0.000e+00, 0.000e+00, 0.000e+00
2.240e+00, 6.084e-01, 0.000e+00, 0.000e+00, 1.400e-01, 0.000e+00, 0.000e+00, 0.000e+00
2.250e+00, 6.071e-01, 0.000e+00, 0.000e+00, 1.400e-01, 0.000e+00, 0.000e+00, 0.000e+00
2.260e+00, 6.057e-01, 0.000e+00, 0.000e+00, 1.400e-01, 0.000e+00, 0.000e+00, 0.000e+00
2.270e+00, 6.043e-01, 0.000e+00, 0.000e+00, 1.400e-01, 0.000e+00, 0.000e+00, 0.000e+00
2.280e+00, 6.030e-01, 0.000e+00, 0.000e+00, 1.400e-01, 0.000e+00, 0.000e+00, 0.000e+00
2.290e+00, 6.016e-01, 0.000e+00, 0.000e+00, 1.400e-01, 0.000e+00, 0.000e+00, 0.000e+00
2.300e+00, 6.003e-01, 0.000e+00, 0.000e+00, 1.400e-01, 0.000e+00, 0.000e+00, 0.000e+00
2.310e+00, 5.990e-01, 0.000e+00, 0.000e+00, 1.400e-01, 0.000e+00, 0.000e+00, 0.000e+00
2.320e+00, 5.976e-01, 0.000e+00, 0.000e+00, 1.400e-01, 0.000e+00, 0.000e+00, 0.000e+00
2.330e+00, 5.963e-01, 0.000e+00, 0.000e+00, 1.400e-01, 0.000e+00, 0.000e+00, 0.000e+00
2.340e+00, 5.950e-01, 0.000e+00, 0.000e+00, 1.400e-01, 0.000e+00, 0.000e+00, 0.000e+00
2.350e+00, 5.937e-01, 0.000e+00, 0.000e+00, 1.400e-01, 0.000e+00, 0.000e+00, 0.000e+00
2.360e+00, 5.924e-01, 0.000e+00, 0.000e+00, 1.400e-01, 0.000e+00, 0.000e+00, 0.000e+00
2.370e+00, 5.911e-01, 0.000e+00, 0.000e+00, 1.400e-01, 0.000e+00, 0.000e+00, 0.000e+00
2.380e+00, 5.898e-01, 0.000e+00, 0.000e+00, 1.400e-01, 0.000e+00, 0.000e+00, 0.000e+00
2.390e+00, 5.885e-01, 0.000e+00, 0.000e+00, 1.400e-01, 0.000e+00, 0.000e+00, 0.000e+00
2.400e+00, 5.872e-01, 0.000e+00, 0.000e+00, 1.400e-01, 0.000e+00, 0.000e+00, 0.000e+00
2.410e+00, 5.860e-01, 0.000e+00, 0.000e+00, 1.400e-01, 0.000e+00, 0.000e+00, 0.000e+00
2.420e+00, 5.847e-01, 0.000e+00, 0.000e+00, 1.400e-01, 0.000e+00, 0.000e+00, 0.000e+00
2.430e+00, 5.834e-01, 0.000e+00, 0.000e+00, 1.400e-01, 0.000e+00, 0.000e+00, 0.000e+00
2.440e+00, 5.822e-01, 0.000e+00, 0.000e+00, 1.400e-01, 0.000e+00, 0.000e+00, 0.000e+00
2.450e+00, 5.809e-01, 0.000e+00, 0.000e+00, 1.400e-01, 0.000e+00, 0.000e+00, 0.000e+00
2.460e+00, 5.797e-01, 0.000e+00, 0.000e+00, 1.400e-01, 0.000e+00, 0.000e+00, 0.000e+00
2.470e+00, 5.784e-01, 0.000e+00, 0.000e+00, 1.400e-01, 0.000e+00, 0.000e+00, 0.000e+00
2.480e+00, 5.772e-01, 0.000e+00, 0.000e+00, 1.400e-01, 0.000e+00, 0.000e+00, 0.000e+00
2.490e+00, 5.759e-01, 0.000e+00, 0.000e+00, 1.400e-01, 0.000e+00, 0.000e+00, 0.000e+00
2.500e+00, 5.747e-01, 0.000e+00, 0.000e+00, 1.400e-01, 0.000e+00, 0.000e+00, 0.000e+00
2.510e+00, 5.735e-01, 0.000e+00, 0.000e+00, 1.400e-01, 0.000e+00, 0.000e+00, 0.000e+00
2.520e+00, 5.723e-01, 0.000e+00, 0.000e+00, 1.400e-01, 0.000e+00, 0.000e+00, 0.000e+00
2.530e+00, 5.711e-01, 0.000e+00, 0.000e+00, 1.400e-01, 0.000e+00, 0.000e+00, 0.000e+00
2.540e+00, 5.699e-01, 0.000e+00, 0.000e+00, 1.400e-01, 0.000e+00, 0.000e+00, 0.000e+00
2.550e+00, 5.687e-01, 0.000e+00, 0.000e+00, 1.400e-01, 0.000e+00, 0.000e+00, 0.000e+00
2.560e+00, 5.675e-01, 0.000e+00, 0.000e+00, 1.400e-01, 0.000e+00, 0.000e+00, 0.000e+00
2.570e+00, 5.663e-01, 0.000e+00, 0.000e+00, 1.400e-01, 0.000e+00, 0.000e+00, 0.000e+00
2.580e+00, 5.651e-01, 0.000e+00, 0.000e+00, 1.400e-01, 0.000e+00, 0.000e+00, 0.000e+00
2.590e+00, 5.639e-01, 0.000e+00, 0.000e+00, 1.400e-01, 0.000e+00, 0.000e+00, 0.000e+00
2.600e+00, 5.627e-01, 0.000e+00, 0.000e+00, 1.400e-01, 0.000e+00, 0.000e+00, 0.000e+00
2.610e+00, 5.615e-01, 0.000e+00, 0.000e+00, 1.400e-01, 0.000e+00, 0.000e+00, 0.000e+00
2.620e+00, 5.604e-01, 0.000e+00, 0.000e+00, 1.400e-01, 0.000e+00, 0.000e+00, 0.000e+00
2.630e+00, 5.592e-01, 0.000e+00, 0.000e+00, 1.400e-01, 0.000e+00, 0.000e+00, 0.000e+00
2.640e+00, 5.581e-01, 0.000e+00, 0.000e+00, 1.400e-01, 0.000e+00, 0.000e+00, 0.000e+00
2.650e+00, 5.569e-01, 0.000e+00, 0.000e+00, 1.400e-01, 0.000e+00, 0.000e+00, 0.000e+00
2.660e+00, 5.558e-01, 0.000e+00, 0.000e+00, 1.400e-01, 0.000e+00, 0.000e+00, 0.000e+00
2.670e+00, 5.546e-01, 0.000e+00, 0.000e+00, 1.400e-01, 0.000e+00, 0.000e+00, 0.000e+00
2.680e+00, 5.535e-01, 0.000e+00, 0.000e+00, 1.400e-01, 0.000e+00, 0.000e+00, 0.000e+00
2.690e+00, 5.523e-01, 0.000e+00, 0.000e+00, 1.400e-01, 0.000e+00, 0.000e+00, 0.000e+00
2.700e+00, 5.512e-01, 0.000e+00, 0.000e+00, 1.400e-01, 0.000e+00, 0.000e+00, 0.000e+00
2.710e+00, 5.501e-01, 0.000e+00, 0.000e+00, 1.400e-01, 0.000e+00, 0.000e+00, 0.000e+00
2.720e+00, 5.490e-01, 0.000e+00, 0.000e+00, 1.400e-01, 0.000e+00, 0.000e+00, 0.000e+00
2.730e+00, 5.479e-01, 0.000e+00, 0.000e+00, 1.400e-01, 0.000e+00, 0.000e+00, 0.000e+00
2.740e+00, 5.467e-01, 0.000e+00, 0.000e+00, 1.400e-01, 0.000e+00, 0.000e+00, 0.000e+00
2.750e+00, 5.456e-01, 0.000e+00, 0.000e+00, 1.400e-01, 0.000e+00, 0.000e+00, 0.000e+00
2.760e+00, 5.445e-01, 0.000e+00, 0.000e+00, 1.400e-01, 0.000e+00, 0.000e+00, 0.000e+00
2.770e+00, 5.434e-01, 0.000e+00, 0.000e+00, 1.400e-01, 0.000e+00, 0.000e+00, 0.000e+00
2.780e+00, 5.423e-01, 0.000e+00, 0.000e+00, 1.400e-01, 0.000e+00, 0.000e+00, 0.000e+00
2.790e+00, 5.413e-01, 0.000e+00, 0.000e+00, 1.400e-01, 0.000e+00, 0.000e+00, 0.000e+00
2.800e+00, 5.402e-01, 0.000e+00, 0.000e+00, 1.400e-01, 0.000e+00, 0.000e+00, 0.000e+00
2.810e+00, 5.391e-01, 0.000e+00, 0.000e+00, 1.400e-01, 0.000e+00, 0.000e+00, 0.000e+00
2.820e+00, 5.380e-01, 0.000e+00, 0.000e+00, 1.400e-01, 0.000e+00, 0.000e+00, 0.000e+00
2.830e+00, 5.369e-01, 0.000e+00, 0.000e+00, 1.400e-01, 0.000e+00, 0.000e+00, 0.000e+00
2.840e+00, 5.359e-01, 0.000e+00, 0.000e+00, 1.400e-01, 0.000e+00, 0.000e+00, 0.000e+00
2.850e+00, 5.348e-01, 0.000e+00, 0.000e+00, 1.400e-01, 0.000e+00, 0.000e+00, 0.000e+00
2.860e+00, 5.338e-01, 0.000e+00, 0.000e+00, 1.400e-01, 0.000e+00, 0.000e+00, 0.000e+00
2.870e+00, 5.327e-01, 0.000e+00, 0.000e+00, 1.400e-01, 0.000e+00, 0.000e+00, 0.000e+00
2.880e+00, 5.316e-01, 0.000e+00, 0.000e+00, 1.400e-01, 0.000e+00, 0.000e+00, 0.000e+00
2.890e+00, 5.306e-01, 0.000e+00, 0.000e+00, 1.400e-01, 0.000e+00, 0.000e+00, 0.000e+00
2.900e+00, 5.296e-01, 0.000e+00, 0.000e+00, 1.400e-01, 0.000e+00, 0.000e+00, 0.000e+00
2.910e+00, 5.285e-01, 0.000e+00, 0.000e+00, 1.400e-01, 0.000e+00, 0.000e+00, 0.000e+00
2.920e+00, 5.275e-01, 0.000e+00, 0.000e+00, 1.400e-01, 0.000e+00, 0.000e+00, 0.000e+00
2.930e+00, 5.265e-01, 0.000e+00, 0.000e+00, 1.400e-01, 0.000e+00, 0.000e+00, 0.000e+00
2.940e+00, 5.254e-01, 0.000e+00, 0.000e+00, 1.400e-01, 0.000e+00, 0.000e+00, 0.000e+00
2.950e+00, 5.244e-01, 0.000e+00, 0.000e+00, 1.400e-01, 0.000e+00, 0.000e+00, 0.000e+00
2.960e+00, 5.234e-01, 0.000e+00, 0.000e+00, 1.400e-01, 0.000e+00, 0.000e+00, 0.000e+00
2.970e+00, 5.224e-01, 0.000e+00, 0.000e+00, 1.400e-01, 0.000e+00, 0.000e+00, 0.000e+00
2.980e+00, 5.214e-01, 0.000e+00, 0.000e+00, 1.400e-01, 0.000e+00, 0.000e+00, 0.000e+00
2.990e+00, 5.204e-01, 0.000e+00, 0.000e+00, 1.400e-01, 0.000e+00, 0.000e+00, 0.000e+00
3.000e+00, 5.194e-01, 0.000e+00, 0.000e+00, 1.400e-01, 0.000e+00, 0.000e+00, 0.000e+00
3.010e+00, 5.184e-01, 0.000e+00, 0.000e+00, 1.400e-01, 0.000e+00, 0.000e+00, 0.000e+00
3.020e+00, 5.174e-01, 0.000e+00, 0.000e+00, 1.400e-01, 0.000e+00, 0.000e+00, 0.000e+00
3.030e+00, 5.164e-01, 0.000e+00, 0.000e+00, 1.400e-01, 0.000e+00, 0.000e+00, 0.000e+00
3.040e+00, 5.154e-01, 0.000e+00, 0.000e+00, 1.400e-01, 0.000e+00, 0.000e+00, 0.000e+00
3.050e+00, 5.144e-01, 0.000e+00, 0.000e+00, 1.400e-01, 0.000e+00, 0.000e+00, 0.000e+00
3.060e+00, 5.134e-01, 0.000e+00, 0.000e+00, 1.400e-01, 0.000e+00, 0.000e+00, 0.000e+00
3.070e+00, 5.125e-01, 0.000e+00, 0.000e+00, 1.400e-01, 0.000e+00, 0.000e+00, 0.000e+00
3.080e+00, 5.115e-01, 0.000e+00, 0.000e+00, 1.400e-01, 0.000e+00, 0.000e+00, 0.000e+00
3.090e+00, 5.105e-01, 0.000e+00, 0.000e+00, 1.400e-01, 0.000e+00, 0.000e+00, 0.000e+00
3.100e+00, 5.095e-01, 0.000e+00, 0.000e+00, 1.400e-01, 0.000e+00, 0.000e+00, 0.000e+00
3.110e+00, 5.086e-01, 0.000e+00, 0.000e+00, 1.400e-01, 0.000e+00, 0.000e+00, 0.000e+00
3.120e+00, 5.076e-01, 0.000e+00, 0.000e+00, 1.400e-01, 0.000e+00, 0.000e+00, 0.000e+00
3.130e+00, 5.067e-01, 0.000e+00, 0.000e+00, 1.400e-01, 0.000e+00, 0.000e+00, 0.000e+00
3.140e+00, 5.057e-01, 0.000e+00, 0.000e+00, 1.400e-01, 0.000e+00, 0.000e+00, 0.000e+00
3.150e+00, 5.048e-01, 0.000e+00, 0.000e+00, 1.400e-01, 0.000e+00, 0.000e+00, 0.000e+00
3.160e+00, 5.038e-01, 0.000e+00, 0.000e+00, 1.400e-01, 0.000e+00, 0.000e+00, 0.000e+00
3.170e+00, 5.029e-01, 0.000e+00, 0.000e+00, 1.400e-01, 0.000e+00, 0.000e+00, 0.000e+00
3.180e+00, 5.020e-01, 0.000e+00, 0.000e+00, 1.400e-01, 0.000e+00, 0.000e+00, 0.000e+00
3.190e+00, 5.010e-01, 0.000e+00, 0.000e+00, 1.400e-01, 0.000e+00, 0.000e+00, 0.000e+00
3.200e+00, 5.001e-01, 0.000e+00, 0.000e+00, 1.400e-01, 0.000e+00, 0.000e+00, 0.000e+00
3.210e+00, 4.992e-01, 0.000e+00, 0.000e+00, 1.400e-01, 0.000e+00, 0.000e+00, 0.000e+00
3.220e+00, 4.982e-01, 0.000e+00, 0.000e+00, 1.400e-01, 0.000e+00, 0.000e+00, 0.000e+00
3.230e+00, 4.973e-01, 0.000e+00, 0.000e+00, 1.400e-01, 0.000e+00, 0.000e+00, 0.000e+00
3.240e+00, 4.964e-01, 0.000e+00, 0.000e+00, 1.400e-01, 0.000e+00, 0.000e+00, 0.000e+00
3.250e+00, 4.955e-01, 0.000e+00, 0.000e+00, 1.400e-01, 0.000e+00, 0.000e+00, 0.000e+00
3.260e+00, 4.946e-01, 0.000e+00, 0.000e+00, 1.400e-01, 0.000e+00, 0.000e+00, 0.000e+00
3.270e+00, 4.937e-01, 0.000e+00, 0.000e+00, 1.400e-01, 0.000e+00, 0.000e+00, 0.000e+00
3.280e+00, 4.928e-01, 0.000e+00, 0.000e+00, 1.400e-01, 0.000e+00, 0.000e+00, 0.000e+00
3.290e+00, 4.919e-01, 0.000e+00, 0.000e+00, 1.400e-01, 0.000e+00, 0.000e+00, 0.000e+00
3.300e+00, 4.910e-01, 0.000e+00, 0.000e+00, 1.400e-01, 0.000e+00, 0.000e+00, 0.000e+00
3.310e+00, 4.901e-01, 0.000e+00, 0.000e+00, 1.400e-01, 0.000e+00, 0.000e+00, 0.000e+00
3.320e+00, 4.892e-01, 0.000e+00, 0.000e+00, 1.400e-01, 0.000e+00, 0.000e+00, 0.000e+00
3.330e+00, 4.883e-01, 0.000e+00, 0.000e+00, 1.400e-01, 0.000e+00, 0.000e+00, 0.000e+00
3.340e+00, 4.874e-01, 0.000e+00, 0.000e+00, 1.400e-01, 0.000e+00, 0.000e+00, 0.000e+00
3.350e+00, 4.866e-01, 0.000e+00, 0.000e+00, 1.400e-01, 0.000e+00, 0.000e+00, 0.000e+00
3.360e+00, 4.857e-01, 0.000e+00, 0.000e+00, 1.400e-01, 0.000e+00, 0.000e+00, 0.000e+00
3.370e+00, 4.848e-01, 0.000e+00, 0.000e+00, 1.400e-01, 0.000e+00, 0.000e+00, 0.000e+00
3.380e+00, 4.839e-01, 0.000e+00, 0.000e+00, 1.400e-01, 0.000e+00, 0.000e+00, 0.000e+00
3.390e+00, 4.831e-01, 0.000e+00, 0.000e+00, 1.400e-01, 0.000e+00, 0.000e+00, 0.000e+00
3.400e+00, 4.822e-01, 0.000e+00, 0.000e+00, 1.400e-01, 0.000e+00, 0.000e+00, 0.000e+00
3.410e+00, 4.813e-01, 0.000e+00, 0.000e+00, 1.400e-01, 0.000e+00, 0.000e+00, 0.000e+00
3.420e+00, 4.805e-01, 0.000e+00, 0.000e+00, 1.400e-01, 0.000e+00, 0.000e+00, 0.000e+00
3.430e+00, 4.796e-01, 0.000e+00, 0.000e+00, 1.400e-01, 0.000e+00, 0.000e+00, 0.000e+00
3.440e+00, 4.788e-01, 0.000e+00, 0.000e+00, 1.400e-01, 0.000e+00, 0.000e+00, 0.000e+00
3.450e+00, 4.779e-01, 0.000e+00, 0.000e+00, 1.400e-01, 0.000e+00, 0.000e+00, 0.000e+00
3.460e+00, 4.771e-01, 0.000e+00, 0.000e+00, 1.400e-01, 0.000e+00, 0.000e+00, 0.000e+00
3.470e+00, 4.762e-01, 0.000e+00, 0.000e+00, 1.400e-01, 0.000e+00, 0.000e+00, 0.000e+00
3.480e+00, 4.754e-01, 0.000e+00, 0.000e+00, 1.400e-01, 0.000e+00, 0.000e+00, 0.000e+00
3.490e+00, 4.746e-01, 0.000e+00, 0.000e+00, 1.400e-01, 0.000e+00, 0.000e+00, 0.000e+00
3.500e+00, 4.737e-01, 0.000e+00, 0.000e+00, 1.400e-01, 0.000e+00, 0.000e+00, 0.000e+00
3.510e+00, 4.729e-01, 0.000e+00, 0.000e+00, 1.400e-01, 0.000e+00, 0.000e+00, 0.000e+00
3.520e+00, 4.721e-01, 0.000e+00, 0.000e+00, 1.400e-01, 0.000e+00, 0.000e+00, 0.000e+00
3.530e+00, 4.712e-01, 0.000e+00, 0.000e+00, 1.400e-01, 0.000e+00, 0.000e+00, 0.000e+00
3.540e+00, 4.704e-01, 0.000e+00, 0.000e+00, 1.400e-01, 0.000e+00, 0.000e+00, 0.000e+00
3.550e+00, 4.696e-01, 0.000e+00, 0.000e+00, 1.400e-01, 0.000e+00, 0.000e+00, 0.000e+00
3.560e+00, 4.688e-01, 0.000e+00, 0.000e+00, 1.400e-01, 0.000e+00, 0.000e+00, 0.000e+00
3.570e+00, 4.680e-01, 0.000e+00, 0.000e+00, 1.400e-01, 0.000e+00, 0.000e+00, 0.000e+00
3.580e+00, 4.672e-01, 0.000e+00, 0.000e+00, 1.400e-01, 0.000e+00, 0.000e+00, 0.000e+00
3.590e+00, 4.664e-01, 0.000e+00, 0.000e+00, 1.400e-01, 0.000e+00, 0.000e+00, 0.000e+00
3.600e+00, 4.656e-01, 0.000e+00, 0.000e+00, 1.400e-01, 0.000e+00, 0.000e+00, 0.000e+00
3.610e+00, 4.648e-01, 0.000e+00, 0.000e+00, 1.400e-01, 0.000e+00, 0.000e+00, 0.000e+00
3.620e+00, 4.640e-01, 0.000e+00, 0.000e+00, 1.400e-01, 0.000e+00, 0.000e+00, 0.000e+00
3.630e+00, 4.632e-01, 0.000e+00, 0.000e+00, 1.400e-01, 0.000e+00, 0.000e+00, 0.000e+00
3.640e+00, 4.624e-01, 0.000e+00, 0.000e+00, 1.400e-01, 0.000e+00, 0.000e+00, 0.000e+00
3.650e+00, 4.616e-01, 0.000e+00, 0.000e+00, 1.400e-01, 0.000e+00, 0.000e+00, 0.000e+00
3.660e+00, 4.608e-01, 0.000e+00, 0.000e+00, 1.400e-01, 0.000e+00, 0.000e+00, 0.000e+00
3.670e+00, 4.600e-01, 0.000e+00, 0.000e+00, 1.400e-01, 0.000e+00, 0.000e+00, 0.000e+00
3.680e+00, 4.592e-01, 0.000e+00, 0.000e+00, 1.400e-01, 0.000e+00, 0.000e+00, 0.000e+00
3.690e+00, 4.584e-01, 0.000e+00, 0.000e+00, 1.400e-01, 0.000e+00, 0.000e+00, 0.000e+00
3.700e+00, 4.577e-01, 0.000e+00, 0.000e+00, 1.400e-01, 0.000e+00, 0.000e+00, 0.000e+00
3.710e+00, 4.569e-01, 0.000e+00, 0.000e+00, 1.400e-01, 0.000e+00, 0.000e+00, 0.000e+00
3.720e+00, 4.561e-01, 0.000e+00, 0.000e+00, 1.400e-01, 0.000e+00, 0.000e+00, 0.000e+00
3.730e+00, 4.553e-01, 0.000e+00, 0.000e+00, 1.400e-01, 0.000e+00, 0.000e+00, 0.000e+00
3.740e+00, 4.546e-01, 0.000e+00, 0.000e+00, 1.400e-01, 0.000e+00, 0.000e+00, 0.000e+00
3.750e+00, 4.538e-01, 0.000e+00, 0.000e+00, 1.400e-01, 0.000e+00, 0.000e+00, 0.000e+00
3.760e+00, 4.530e-01, 0.000e+00, 0.000e+00, 1.400e-01, 0.000e+00, 0.000e+00, 0.000e+00
3.770e+00, 4.523e-01, 0.000e+00, 0.000e+00, 1.400e-01, 0.000e+00, 0.000e+00, 0.000e+00
3.780e+00, 4.515e-01, 0.000e+00, 0.000e+00, 1.400e-01, 0.000e+00, 0.000e+00, 0.000e+00
3.790e+00, 4.508e-01, 0.000e+00, 0.000e+00, 1.400e-01, 0.000e+00, 0.000e+00, 0.000e+00
3.800e+00, 4.500e-01, 0.000e+00, 0.000e+00, 1.400e-01, 0.000e+00, 0.000e+00, 0.000e+00
3.810e+00, 4.493e-01, 0.000e+00, 0.000e+00, 1.400e-01, 0.000e+00, 0.000e+00, 0.000e+00
3.820e+00, 4.485e-01, 0.000e+00, 0.000e+00, 1.400e-01, 0.000e+00, 0.000e+00, 0.000e+00
3.830e+00, 4.478e-01, 0.000e+00, 0.000e+00, 1.400e-01, 0.000e+00, 0.000e+00, 0.000e+00
3.840e+00, 4.470e-01, 0.000e+00, 0.000e+00, 1.400e-01, 0.000e+00, 0.000e+00, 0.000e+00
3.850e+00, 4.463e-01, 0.000e+00, 0.000e+00, 1.400e-01, 0.000e+00, 0.000e+00, 0.000e+00
3.860e+00, 4.456e-01, 0.000e+00, 0.000e+00, 1.400e-01, 0.000e+00, 0.000e+00, 0.000e+00
3.870e+00, 4.448e-01, 0.000e+00, 0.000e+00, 1.400e-01, 0.000e+00, 0.000e+00, 0.000e+00
3.880e+00, 4.441e-01, 0.000e+00, 0.000e+00, 1.400e-01, 0.000e+00, 0.000e+00, 0.000e+00
3.890e+00, 4.434e-01, 0.000e+00, 0.000e+00, 1.400e-01, 0.000e+00, 0.000e+00, 0.000e+00
3.900e+00, 4.426e-01, 0.000e+00, 0.000e+00, 1.400e-01, 0.000e+00, 0.000e+00, 0.000e+00
3.910e+00, 4.419e-01, 0.000e+00, 0.000e+00, 1.400e-01, 0.000e+00, 0.000e+00, 0.000e+00
3.920e+00, 4.412e-01, 0.000e+00, 0.000e+00, 1.400e-01, 0.000e+00, 0.000e+00, 0.000e+00
3.930e+00, 4.405e-01, 0.000e+00, 0.000e+00, 1.400e-01, 0.000e+00, 0.000e+00, 0.000e+00
3.940e+00, 4.397e-01, 0.000e+00, 0.000e+00, 1.400e-01, 0.000e+00, 0.000e+00, 0.000e+00
3.950e+00, 4.390e-01, 0.000e+00, 0.000e+00, 1.400e-01, 0.000e+00, 0.000e+00, 0.000e+00
3.960e+00, 4.383e-01, 0.000e+00, 0.000e+00, 1.400e-01, 0.000e+00, 0.000e+00, 0.000e+00
3.970e+00, 4.376e-01, 0.000e+00, 0.000e+00, 1.400e-01, 0.000e+00, 0.000e+00, 0.000e+00
3.980e+00, 4.369e-01, 0.000e+00, 0.000e+00, 1.400e-01, 0.000e+00, 0.000e+00, 0.000e+00
3.990e+00, 4.362e-01, 0.000e+00, 0.000e+00, 1.400e-01, 0.000e+00, 0.000e+00, 0.000e+00
4.000e+00, 4.355e-01, 0.000e+00, 0.000e+00, 1.400e-01, 0.000e+00, 0.000e+00, 0.000e+00
4.010e+00, 4.348e-01, 0.000e+00, 0.000e+00, 1.400e-01, 0.000e+00, 0.000e+00, 0.000e+00
4.020e+00, 4.341e-01, 0.000e+00, 0.000e+00, 1.400e-01, 0.000e+00, 0.000e+00, 0.000e+00
4.030e+00, 4.334e-01, 0.000e+00, 0.000e+00, 1.400e-01, 0.000e+00, 0.000e+00, 0.000e+00
4.040e+00, 4.327e-01, 0.000e+00, 0.000e+00, 1.400e-01, 0.000e+00, 0.000e+00, 0.000e+00
4.050e+00, 4.320e-01, 0.000e+00, 0.000e+00, 1.400e-01, 0.000e+00, 0.000e+00, 0.000e+00
4.060e+00, 4.313e-01, 0.000e+00, 0.000e+00, 1.400e-01, 0.000e+00, 0.000e+00, 0.000e+00
4.070e+00, 4.306e-01, 0.000e+00, 0.000e+00, 1.400e-01, 0.000e+00, 0.000e+00, 0.000e+00
4.080e+00, 4.299e-01, 0.000e+00, 0.000e+00, 1.400e-01, 0.000e+00, 0.000e+00, 0.000e+00
4.090e+00, 4.292e-01, 0.000e+00, 0.000e+00, 1.400e-01, 0.000e+00, 0.000e+00, 0.000e+00
4.100e+00, 4.286e-01, 0.000e+00, 0.000e+00, 1.400e-01, 0.000e+00, 0.000e+00, 0.000e+00
4.110e+00, 4.279e-01, 0.000e+00, 0.000e+00, 1.400e-01, 0.000e+00, 0.000e+00, 0.000e+00
4.120e+00, 4.272e-01, 0.000e+00, 0.000e+00, 1.400e-01, 0.000e+00, 0.000e+00, 0.000e+00
4.130e+00, 4.265e-01, 0.000e+00, 0.000e+00, 1.400e-01, 0.000e+00, 0.000e+00, 0.000e+00
4.140e+00, 4.258e-01, 0.000e+00, 0.000e+00, 1.400e-01, 0.000e+00, 0.000e+00, 0.000e+00
4.150e+00, 4.252e-01, 0.000e+00, 0.000e+00, 1.400e-01, 0.000e+00, 0.000e+00, 0.000e+00
4.160e+00, 4.245e-01, 0.000e+00, 0.000e+00, 1.400e-01, 0.000e+00, 0.000e+00, 0.000e+00
4.170e+00, 4.238e-01, 0.000e+00, 0.000e+00, 1.400e-01, 0.000e+00, 0.000e+00, 0.000e+00
4.180e+00, 4.232e-01, 0.000e+00, 0.000e+00, 1.400e-01, 0.000e+00, 0.000e+00, 0.000e+00
4.190e+00, 4.225e-01, 0.000e+00, 0.000e+00, 1.400e-01, 0.000e+00, 0.000e+00, 0.000e+00
4.200e+00, 4.218e-01, 0.000e+00, 0.000e+00, 1.400e-01, 0.000e+00, 0.000e+00, 0.000e+00
4.210e+00, 4.212e-01, 0.000e+00, 0.000e+00, 1.400e-01, 0.000e+00, 0.000e+00, 0.000e+00
4.220e+00, 4.205e-01, 0.000e+00, 0.000e+00, 1.400e-01, 0.000e+00, 0.000e+00, 0.000e+00
4.230e+00, 4.199e-01, 0.000e+00, 0.000e+00, 1.400e-01, 0.000e+00, 0.000e+00, 0.000e+00
4.240e+00, 4.192e-01, 0.000e+00, 0.000e+00, 1.400e-01, 0.000e+00, 0.000e+00, 0.000e+00
4.250e+00, 4.186e-01, 0.000e+00, 0.000e+00, 1.400e-01, 0.000e+00, 0.000e+00, 0.000e+00
4.260e+00, 4.179e-01, 0.000e+00, 0.000e+00, 1.400e-01, 0.000e+00, 0.000e+00, 0.000e+00
4.270e+00, 4.173e-01, 0.000e+00, 0.000e+00, 1.400e-01, 0.000e+00, 0.000e+00, 0.000e+00
4.280e+00, 4.166e-01, 0.000e+00, 0.000e+00, 1.400e-01, 0.000e+00, 0.000e+00, 0.000e+00
4.290e+00, 4.160e-01, 0.000e+00, 0.000e+00, 1.400e-01, 0.000e+00, 0.000e+00, 0.000e+00
4.300e+00, 4.153e-01, 0.000e+00, 0.000e+00, 1.400e-01, 0.000e+00, 0.000e+00, 0.000e+00
4.310e+00, 4.147e-01, 0.000e+00, 0.000e+00, 1.400e-01, 0.000e+00, 0.000e+00, 0.000e+00
4.320e+00, 4.141e-01, 0.000e+00, 0.000e+00, 1.400e-01, 0.000e+00, 0.000e+00, 0.000e+00
4.330e+00, 4.134e-01, 0.000e+00, 0.000e+00, 1.400e-01, 0.000e+00, 0.000e+00, 0.000e+00
4.340e+00, 4.128e-01, 0.000e+00, 0.000e+00, 1.400e-01, 0.000e+00, 0.000e+00, 0.000e+00
4.350e+00, 4.122e-01, 0.000e+00, 0.000e+00, 1.400e-01, 0.000e+00, 0.000e+00, 0.000e+00
4.360e+00, 4.115e-01, 0.000e+00, 0.000e+00, 1.400e-01, 0.000e+00, 0.000e+00, 0.000e+00
4.370e+00, 4.109e-01, 0.000e+00, 0.000e+00, 1.400e-01, 0.000e+00, 0.000e+00, 0.000e+00
4.380e+00, 4.103e-01, 0.000e+00, 0.000e+00, 1.400e-01, 0.000e+00, 0.000e+00, 0.000e+00
4.390e+00, 4.097e-01, 0.000e+00, 0.000e+00, 1.400e-01, 0.000e+00, 0.000e+00, 0.000e+00
4.400e+00, 4.090e-01, 0.000e+00, 0.000e+00, 1.400e-01, 0.000e+00, 0.000e+00, 0.000e+00
4.410e+00, 4.084e-01, 0.000e+00, 0.000e+00, 1.400e-01, 0.000e+00, 0.000e+00, 0.000e+00
4.420e+00, 4.078e-01, 0.000e+00, 0.000e+00, 1.400e-01, 0.000e+00, 0.000e+00, 0.000e+00
4.430e+00, 4.072e-01, 0.000e+00, 0.000e+00, 1.400e-01, 0.000e+00, 0.000e+00, 0.000e+00
4.440e+00, 4.066e-01, 0.000e+00, 0.000e+00, 1.400e-01, 0.000e+00, 0.000e+00, 0.000e+00
4.450e+00, 4.060e-01, 0.000e+00, 0.000e+00, 1.400e-01, 0.000e+00, 0.000e+00, 0.000e+00
4.460e+00, 4.054e-01, 0.000e+00, 0.000e+00, 1.400e-01, 0.000e+00, 0.000e+00, 0.000e+00
4.470e+00, 4.047e-01, 0.000e+00, 0.000e+00, 1.400e-01, 0.000e+00, 0.000e+00, 0.000e+00
4.480e+00, 4.041e-01, 0.000e+00, 0.000e+00, 1.400e-01, 0.000e+00, 0.000e+00, 0.000e+00
4.490e+00, 4.035e-01, 0.000e+00, 0.000e+00, 1.400e-01, 0.000e+00, 0.000e+00, 0.000e+00
4.500e+00, 4.029e-01, 0.000e+00, 0.000e+00, 1.400e-01, 0.000e+00, 0.000e+00, 0.000e+00
4.510e+00, 4.023e-01, 0.000e+00, 0.000e+00, 1.400e-01, 0.000e+00, 0.000e+00, 0.000e+00
4.520e+00, 4.017e-01, 0.000e+00, 0.000e+00, 1.400e-01, 0.000e+00, 0.000e+00, 0.000e+00
4.530e+00, 4.011e-01, 0.000e+00, 0.000e+00, 1.400e-01, 0.000e+00, 0.000e+00, 0.000e+00
4.540e+00, 4.005e-01, 0.000e+00, 0.000e+00, 1.400e-01, 0.000e+00, 0.000e+00, 0.000e+00
4.550e+00, 3.999e-01, 0.000e+00, 0.000e+00, 1.400e-01, 0.000e+00, 0.000e+00, 0.000e+00
4.560e+00, 3.994e-01, 0.000e+00, 0.000e+00, 1.400e-01, 0.000e+00, 0.000e+00, 0.000e+00
4.570e+00, 3.988e-01, 0.000e+00, 0.000e+00, 1.400e-01, 0.000e+00, 0.000e+00, 0.000e+00
4.580e+00, 3.982e-01, 0.000e+00, 0.000e+00, 1.400e-01, 0.000e+00, 0.000e+00, 0.000e+00
4.590e+00, 3.976e-01, 0.000e+00, 0.000e+00, 1.400e-01, 0.000e+00, 0.000e+00, 0.000e+00
4.600e+00, 3.970e-01, 0.000e+00, 0.000e+00, 1.400e-01, 0.000e+00, 0.000e+00, 0.000e+00
4.610e+00, 3.964e-01, 0.000e+00, 0.000e+00, 1.400e-01, 0.000e+00, 0.000e+00, 0.000e+00
4.620e+00, 3.958e-01, 0.000e+00, 0.000e+00, 1.400e-01, 0.000e+00, 0.000e+00, 0.000e+00
4.630e+00, 3.953e-01, 0.000e+00, 0.000e+00, 1.400e-01, 0.000e+00, 0.000e+00, 0.000e+00
4.640e+00, 3.947e-01, 0.000e+00, 0.000e+00, 1.400e-01, 0.000e+00, 0.000e+00, 0.000e+00
4.650e+00, 3.941e-01, 0.000e+00, 0.000e+00, 1.400e-01, 0.000e+00, 0.000e+00, 0.000e+00
4.660e+00, 3.935e-01, 0.000e+00, 0.000e+00, 1.400e-01, 0.000e+00, 0.000e+00, 0.000e+00
4.670e+00, 3.930e-01, 0.000e+00, 0.000e+00, 1.400e-01, 0.000e+00, 0.000e+00, 0.000e+00
4.680e+00, 3.924e-01, 0.000e+00, 0.000e+00, 1.400e-01, 0.000e+00, 0.000e+00, 0.000e+00
4.690e+00, 3.918e-01, 0.000e+00, 0.000e+00, 1.400e-01, 0.000e+00, 0.000e+00, 0.000e+00
4.700e+00, 3.912e-01, 0.000e+00, 0.000e+00, 1.400e-01, 0.000e+00, 0.000e+00, 0.000e+00
4.710e+00, 3.907e-01, 0.000e+00, 0.000e+00, 1.400e-01, 0.000e+00, 0.000e+00, 0.000e+00
4.720e+00, 3.901e-01, 0.000e+00, 0.000e+00, 1.400e-01, 0.000e+00, 0.000e+00, 0.000e+00
4.730e+00, 3.895e-01, 0.000e+00, 0.000e+00, 1.400e-01, 0.000e+00, 0.000e+00, 0.000e+00
4.740e+00, 3.890e-01, 0.000e+00, 0.000e+00, 1.400e-01, 0.000e+00, 0.000e+00, 0.000e+00
4.750e+00, 3.884e-01, 0.000e+00, 0.000e+00, 1.400e-01, 0.000e+00, 0.000e+00, 0.000e+00
4.760e+00, 3.879e-01, 0.000e+00, 0.000e+00, 1.400e-01, 0.000e+00, 0.000e+00, 0.000e+00
4.770e+00, 3.873e-01, 0.000e+00, 0.000e+00, 1.400e-01, 0.000e+00, 0.000e+00, 0.000e+00
4.780e+00, 3.868e-01, 0.000e+00, 0.000e+00, 1.400e-01, 0.000e+00, 0.000e+00, 0.000e+00
4.790e+00, 3.862e-01, 0.000e+00, 0.000e+00, 1.400e-01, 0.000e+00, 0.000e+00, 0.000e+00
4.800e+00, 3.856e-01, 0.000e+00, 0.000e+00, 1.400e-01, 0.000e+00, 0.000e+00, 0.000e+00
4.810e+00, 3.851e-01, 0.000e+00, 0.000e+00, 1.400e-01, 0.000e+00, 0.000e+00, 0.000e+00
4.820e+00, 3.845e-01, 0.000e+00, 0.000e+00, 1.400e-01, 0.000e+00, 0.000e+00, 0.000e+00
4.830e+00, 3.840e-01, 0.000e+00, 0.000e+00, 1.400e-01, 0.000e+00, 0.000e+00, 0.000e+00
4.840e+00, 3.835e-01, 0.000e+00, 0.000e+00, 1.400e-01, 0.000e+00, 0.000e+00, 0.000e+00
4.850e+00, 3.829e-01, 0.000e+00, 0.000e+00, 1.400e-01, 0.000e+00, 0.000e+00, 0.000e+00
4.860e+00, 3.824e-01, 0.000e+00, 0.000e+00, 1.400e-01, 0.000e+00, 0.000e+00, 0.000e+00
4.870e+00, 3.818e-01, 0.000e+00, 0.000e+00, 1.400e-01, 0.000e+00, 0.000e+00, 0.000e+00
4.880e+00, 3.813e-01, 0.000e+00, 0.000e+00, 1.400e-01, 0.000e+00, 0.000e+00, 0.000e+00
4.890e+00, 3.807e-01, 0.000e+00, 0.000e+00, 1.400e-01, 0.000e+00, 0.000e+00, 0.000e+00
4.900e+00, 3.802e-01, 0.000e+00, 0.000e+00, 1.400e-01, 0.000e+00, 0.000e+00, 0.000e+00
4.910e+00, 3.797e-01, 0.000e+00, 0.000e+00, 1.400e-01, 0.000e+00, 0.000e+00, 0.000e+00
4.920e+00, 3.791e-01, 0.000e+00, 0.000e+00, 1.400e-01, 0.000e+00, 0.000e+00, 0.000e+00
4.930e+00, 3.786e-01, 0.000e+00, 0.000e+00, 1.400e-01, 0.000e+00, 0.000e+00, 0.000e+00
4.940e+00, 3.781e-01, 0.000e+00, 0.000e+00, 1.400e-01, 0.000e+00, 0.000e+00, 0.000e+00
4.950e+00, 3.775e-01, 0.000e+00, 0.000e+00, 1.400e-01, 0.000e+00, 0.000e+00, 0.000e+00
4.960e+00, 3.770e-01, 0.000e+00, 0.000e+00, 1.400e-01, 0.000e+00, 0.000e+00, 0.000e+00
4.970e+00, 3.765e-01, 0.000e+00, 0.000e+00, 1.400e-01, 0.000e+00, 0.000e+00, 0.000e+00
4.980e+00, 3.760e-01, 0.000e+00, 0.000e+00, 1.400e-01, 0.000e+00, 0.000e+00, 0.000e+00
4.990e+00, 3.754e-01, 0.000e+00, 0.000e+00, 1.400e-01, 0.000e+00, 0.000e+00, 0.000e+00
5.000e+00, 3.749e-01, 0.000e+00, 0.000e+00, 1.400e-01, 0.000e+00, 0.000e+00, 0.000e+00
5.010e+00, 3.744e-01, 0.000e+00, 0.000e+00, 1.400e-01, 0.000e+00, 0.000e+00, 0.000e+00
5.020e+00, 3.739e-01, 0.000e+00, 0.000e+00, 1.400e-01, 0.000e+00, 0.000e+00, 0.000e+00
5.030e+00, 3.734e-01, 0.000e+00, 0.000e+00, 1.400e-01, 0.000e+00, 0.000e+00, 0.000e+00
5.040e+00, 3.728e-01, 0.000e+00, 0.000e+00, 1.400e-01, 0.000e+00, 0.000e+00, 0.000e+00
5.050e+00, 3.723e-01, 0.000e+00, 0.000e+00, 1.400e-01, 0.000e+00, 0.000e+00, 0.000e+00
5.060e+00, 3.718e-01, 0.000e+00, 0.000e+00, 1.400e-01, 0.000e+00, 0.000e+00, 0.000e+00
5.070e+00, 3.713e-01, 0.000e+00, 0.000e+00, 1.400e-01, 0.000e+00, 0.000e+00, 0.000e+00
5.080e+00, 3.708e-01, 0.000e+00, 0.000e+00, 1.400e-01, 0.000e+00, 0.000e+00, 0.000e+00
5.090e+00, 3.703e-01, 0.000e+00, 0.000e+00, 1.400e-01, 0.000e+00, 0.000e+00, 0.000e+00
5.100e+00, 3.698e-01, 0.000e+00, 0.000e+00, 1.400e-01, 0.000e+00, 0.000e+00, 0.000e+00
5.110e+00, 3.693e-01, 0.000e+00, 0.000e+00, 1.400e-01, 0.000e+00, 0.000e+00, 0.000e+00
5.120e+00, 3.688e-01, 0.000e+00, 0.000e+00, 1.400e-01, 0.000e+00, 0.000e+00, 0.000e+00
5.130e+00, 3.683e-01, 0.000e+00, 0.000e+00, 1.400e-01, 0.000e+00, 0.000e+00, 0.000e+00
5.140e+00, 3.678e-01, 0.000e+00, 0.000e+00, 1.400e-01, 0.000e+00, 0.000e+00, 0.000e+00
5.150e+00, 3.673e-01, 0.000e+00, 0.000e+00, 1.400e-01, 0.000e+00, 0.000e+00, 0.000e+00
5.160e+00, 3.668e-01, 0.000e+00, 0.000e+00, 1.400e-01, 0.000e+00, 0.000e+00, 0.000e+00
5.170e+00, 3.663e-01, 0.000e+00, 0.000e+00, 1.400e-01, 0.000e+00, 0.000e+00, 0.000e+00
5.180e+00, 3.658e-01, 0.000e+00, 0.000e+00, 1.400e-01, 0.000e+00, 0.000e+00, 0.000e+00
5.190e+00, 3.653e-01, 0.000e+00, 0.000e+00, 1.400e-01, 0.000e+00, 0.000e+00, 0.000e+00
5.200e+00, 3.653e-01, 0.000e+00, 0.000e+00, 1.400e-01, 0.000e+00, 0.000e+00, 0.000e+00
5.210e+00, 3.648e-01, 0.000e+00, 0.000e+00, 1.400e-01, 0.000e+00, 0.000e+00, 0.000e+00
5.220e+00, 3.644e-01, 0.000e+00, 0.000e+00, 1.400e-01, 0.000e+00, 0.000e+00, 0.000e+00
5.230e+00, 3.639e-01, 0.000e+00, 0.000e+00, 1.400e-01, 0.000e+00, 0.000e+00, 0.000e+00
5.240e+00, 3.634e-01, 0.000e+00, 0.000e+00, 1.400e-01, 0.000e+00, 0.000e+00, 0.000e+00
5.250e+00, 3.629e-01, 0.000e+00, 0.000e+00, 1.400e-01, 0.000e+00, 0.000e+00, 0.000e+00
5.260e+00, 3.624e-01, 0.000e+00, 0.000e+00, 1.400e-01, 0.000e+00, 0.000e+00, 0.000e+00
5.270e+00, 3.619e-01, 0.000e+00, 0.000e+00, 1.400e-01, 0.000e+00, 0.000e+00, 0.000e+00
5.280e+00, 3.614e-01, 0.000e+00, 0.000e+00, 1.400e-01, 0.000e+00, 0.000e+00, 0.000e+00
5.290e+00, 3.609e-01, 0.000e+00, 0.000e+00, 1.400e-01, 0.000e+00, 0.000e+00, 0.000e+00
5.300e+00, 3.605e-01, 0.000e+00, 0.000e+00, 1.400e-01, 0.000e+00, 0.000e+00, 0.000e+00
5.310e+00, 3.600e-01, 0.000e+00, 0.000e+00, 1.400e-01, 0.000e+00, 0.000e+00, 0.000e+00
5.320e+00, 3.595e-01, 0.000e+00, 0.000e+00, 1.400e-01, 0.000e+00, 0.000e+00, 0.000e+00
5.330e+00, 3.590e-01, 0.000e+00, 0.000e+00, 1.400e-01, 0.000e+00, 0.000e+00, 0.000e+00
5.340e+00, 3.585e-01, 0.000e+00, 0.000e+00, 1.400e-01, 0.000e+00, 0.000e+00, 0.000e+00
5.350e+00, 3.581e-01, 0.000e+00, 0.000e+00, 1.400e-01, 0.000e+00, 0.000e+00, 0.000e+00
5.360e+00, 3.576e-01, 0.000e+00, 0.000e+00, 1.400e-01, 0.000e+00, 0.000e+00, 0.000e+00
5.370e+00, 3.571e-01, 0.000e+00, 0.000e+00, 1.400e-01, 0.000e+00, 0.000e+00, 0.000e+00
5.380e+00, 3.567e-01, 0.000e+00, 0.000e+00, 1.400e-01, 0.000e+00, 0.000e+00, 0.000e+00
5.390e+00, 3.562e-01, 0.000e+00, 0.000e+00, 1.400e-01, 0.000e+00, 0.000e+00, 0.000e+00
5.400e+00, 3.557e-01, 0.000e+00, 0.000e+00, 1.400e-01, 0.000e+00, 0.000e+00, 0.000e+00
5.410e+00, 3.552e-01, 0.000e+00, 0.000e+00, 1.400e-01, 0.000e+00, 0.000e+00, 0.000e+00
5.420e+00, 3.548e-01, 0.000e+00, 0.000e+00, 1.400e-01, 0.000e+00, 0.000e+00, 0.000e+00
5.430e+00, 3.543e-01, 0.000e+00, 0.000e+00, 1.400e-01, 0.000e+00, 0.000e+00, 0.000e+00
5.440e+00, 3.538e-01, 0.000e+00, 0.000e+00, 1.400e-01, 0.000e+00, 0.000e+00, 0.000e+00
5.450e+00, 3.534e-01, 0.000e+00, 0.000e+00, 1.400e-01, 0.000e+00, 0.000e+00, 0.000e+00
5.460e+00, 3.529e-01, 0.000e+00, 0.000e+00, 1.400e-01, 0.000e+00, 0.000e+00, 0.000e+00
5.470e+00, 3.525e-01, 0.000e+00, 0.000e+00, 1.400e-01, 0.000e+00, 0.000e+00, 0.000e+00
5.480e+00, 3.520e-01, 0.000e+00, 0.000e+00, 1.400e-01, 0.000e+00, 0.000e+00, 0.000e+00
5.490e+00, 3.515e-01, 0.000e+00, 0.000e+00, 1.400e-01, 0.000e+00, 0.000e+00, 0.000e+00
5.500e+00, 3.511e-01, 0.000e+00, 0.000e+00, 1.400e-01, 0.000e+00, 0.000e+00, 0.000e+00
5.510e+00, 3.506e-01, 0.000e+00, 0.000e+00, 1.400e-01, 0.000e+00, 0.000e+00, 0.000e+00
5.520e+00, 3.502e-01, 0.000e+00, 0.000e+00, 1.400e-01, 0.000e+00, 0.000e+00, 0.000e+00
5.530e+00, 3.497e-01, 0.000e+00, 0.000e+00, 1.400e-01, 0.000e+00, 0.000e+00, 0.000e+00
5.540e+00, 3.493e-01, 0.000e+00, 0.000e+00, 1.400e-01, 0.000e+00, 0.000e+00, 0.000e+00
5.550e+00, 3.488e-01, 0.000e+00, 0.000e+00, 1.400e-01, 0.000e+00, 0.000e+00, 0.000e+00
5.560e+00, 3.484e-01, 0.000e+00, 0.000e+00, 1.400e-01, 0.000e+00, 0.000e+00, 0.000e+00
5.570e+00, 3.479e-01, 0.000e+00, 0.000e+00, 1.400e-01, 0.000e+00, 0.000e+00, 0.000e+00
5.580e+00, 3.475e-01, 0.000e+00, 0.000e+00, 1.400e-01, 0.000e+00, 0.000e+00, 0.000e+00
5.590e+00, 3.470e-01, 0.000e+00, 0.000e+00, 1.400e-01, 0.000e+00, 0.000e+00, 0.000e+00
5.600e+00, 3.466e-01, 0.000e+00, 0.000e+00, 1.400e-01, 0.000e+00, 0.000e+00, 0.000e+00
5.610e+00, 3.461e-01, 0.000e+00, 0.000e+00, 1.400e-01, 0.000e+00, 0.000e+00, 0.000e+00
5.620e+00, 3.457e-01, 0.000e+00, 0.000e+00, 1.400e-01, 0.000e+00, 0.000e+00, 0.000e+00
5.630e+00, 3.453e-01, 0.000e+00, 0.000e+00, 1.400e-01, 0.000e+00, 0.000e+00, 0.000e+00
5.640e+00, 3.448e-01, 0.000e+00, 0.000e+00, 1.400e-01, 0.000e+00, 0.000e+00, 0.000e+00
5.650e+00, 3.444e-01, 0.000e+00, 0.000e+00, 1.400e-01, 0.000e+00, 0.000e+00, 0.000e+00
5.660e+00, 3.439e-01, 0.000e+00, 0.000e+00, 1.400e-01, 0.000e+00, 0.000e+00, 0.000e+00
5.670e+00, 3.435e-01, 0.000e+00, 0.000e+00, 1.400e-01, 0.000e+00, 0.000e+00, 0.000e+00
5.680e+00, 3.431e-01, 0.000e+00, 0.000e+00, 1.400e-01, 0.000e+00, 0.000e+00, 0.000e+00
5.690e+00, 3.426e-01, 0.000e+00, 0.000e+00, 1.400e-01, 0.000e+00, 0.000e+00, 0.000e+00
5.700e+00, 3.422e-01, 0.000e+00, 0.000e+00, 1.400e-01, 0.000e+00, 0.000e+00, 0.000e+00
5.710e+00, 3.418e-01, 0.000e+00, 0.000e+00, 1.400e-01, 0.000e+00, 0.000e+00, 0.000e+00
5.720e+00, 3.413e-01, 0.000e+00, 0.000e+00, 1.400e-01, 0.000e+00, 0.000e+00, 0.000e+00
5.730e+00, 3.409e-01, 0.000e+00, 0.000e+00, 1.400e-01, 0.000e+00, 0.000e+00, 0.000e+00
5.740e+00, 3.405e-01, 0.000e+00, 0.000e+00, 1.400e-01, 0.000e+00, 0.000e+00, 0.000e+00
5.750e+00, 3.400e-01, 0.000e+00, 0.000e+00, 1.400e-01, 0.000e+00, 0.000e+00, 0.000e+00
5.760e+00, 3.396e-01, 0.000e+00, 0.000e+00, 1.400e-01, 0.000e+00, 0.000e+00, 0.000e+00
5.770e+00, 3.392e-01, 0.000e+00, 0.000e+00, 1.400e-01, 0.000e+00, 0.000e+00, 0.000e+00
5.780e+00, 3.388e-01, 0.000e+00, 0.000e+00, 1.400e-01, 0.000e+00, 0.000e+00, 0.000e+00
5.790e+00, 3.383e-01, 0.000e+00, 0.000e+00, 1.400e-01, 0.000e+00, 0.000e+00, 0.000e+00
5.800e+00, 3.379e-01, 0.000e+00, 0.000e+00, 1.400e-01, 0.000e+00, 0.000e+00, 0.000e+00
5.810e+00, 3.375e-01, 0.000e+00, 0.000e+00, 1.400e-01, 0.000e+00, 0.000e+00, 0.000e+00
5.820e+00, 3.371e-01, 0.000e+00, 0.000e+00, 1.400e-01, 0.000e+00, 0.000e+00, 0.000e+00
5.830e+00, 3.366e-01, 0.000e+00, 0.000e+00, 1.400e-01, 0.000e+00, 0.000e+00, 0.000e+00
5.840e+00, 3.362e-01, 0.000e+00, 0.000e+00, 1.400e-01, 0.000e+00, 0.000e+00, 0.000e+00
5.850e+00, 3.358e-01, 0.000e+00, 0.000e+00, 1.400e-01, 0.000e+00, 0.000e+00, 0.000e+00
5.860e+00, 3.354e-01, 0.000e+00, 0.000e+00, 1.400e-01, 0.000e+00, 0.000e+00, 0.000e+00
5.870e+00, 3.350e-01, 0.000e+00, 0.000e+00, 1.400e-01, 0.000e+00, 0.000e+00, 0.000e+00
5.880e+00, 3.346e-01, 0.000e+00, 0.000e+00, 1.400e-01, 0.000e+00, 0.000e+00, 0.000e+00
5.890e+00, 3.341e-01, 0.000e+00, 0.000e+00, 1.400e-01, 0.000e+00, 0.000e+00, 0.000e+00
5.900e+00, 3.337e-01, 0.000e+00, 0.000e+00, 1.400e-01, 0.000e+00, 0.000e+00, 0.000e+00
5.910e+00, 3.333e-01, 0.000e+00, 0.000e+00, 1.400e-01, 0.000e+00, 0.000e+00, 0.000e+00
5.920e+00, 3.329e-01, 0.000e+00, 0.000e+00, 1.400e-01, 0.000e+00, 0.000e+00, 0.000e+00
5.930e+00, 3.325e-01, 0.000e+00, 0.000e+00, 1.400e-01, 0.000e+00, 0.000e+00, 0.000e+00
5.940e+00, 3.321e-01, 0.000e+00, 0.000e+00, 1.400e-01, 0.000e+00, 0.000e+00, 0.000e+00
5.950e+00, 3.317e-01, 0.000e+00, 0.000e+00, 1.400e-01, 0.000e+00, 0.000e+00, 0.000e+00
5.960e+00, 3.313e-01, 0.000e+00, 0.000e+00, 1.400e-01, 0.000e+00, 0.000e+00, 0.000e+00
5.970e+00, 3.309e-01, 0.000e+00, 0.000e+00, 1.400e-01, 0.000e+00, 0.000e+00, 0.000e+00
5.980e+00, 3.305e-01, 0.000e+00, 0.000e+00, 1.400e-01, 0.000e+00, 0.000e+00, 0.000e+00
5.990e+00, 3.301e-01, 0.000e+00, 0.000e+00, 1.400e-01, 0.000e+00, 0.000e+00, 0.000e+00
6.000e+00, 3.297e-01, 0.000e+00, 0.000e+00, 1.400e-01, 0.000e+00, 0.000e+00, 0.000e+00
