 # Time,   Mach,     alfa,     beta,     Cd,     CL_alfa,     Cn_p_alfa,     Cn_q_alfa 
1.000e-02, 2.843e+00, 1.073e-04, 0.000e+00, 3.000e-01, 0.000e+00, 0.000e+00, 0.000e+00
2.000e-02, 2.778e+00, 2.122e-04, 0.000e+00, 3.000e-01, 0.000e+00, 0.000e+00, 0.000e+00
3.000e-02, 2.724e+00, 3.047e-04, 0.000e+00, 3.000e-01, 0.000e+00, 0.000e+00, 0.000e+00
4.000e-02, 2.662e+00, 4.198e-04, 0.000e+00, 3.000e-01, 0.000e+00, 0.000e+00, 0.000e+00
5.000e-02, 2.611e+00, 5.194e-04, 0.000e+00, 3.000e-01, 0.000e+00, 0.000e+00, 0.000e+00
6.000e-02, 2.554e+00, 6.370e-04, 0.000e+00, 3.000e-01, 0.000e+00, 0.000e+00, 0.000e+00
7.000e-02, 2.501e+00, 7.565e-04, 0.000e+00, 3.000e-01, 0.000e+00, 0.000e+00, 0.000e+00
8.000e-02, 2.458e+00, 8.564e-04, 0.000e+00, 3.000e-01, 0.000e+00, 0.000e+00, 0.000e+00
9.000e-02, 2.409e+00, 9.784e-04, 0.000e+00, 3.000e-01, 0.000e+00, 0.000e+00, 0.000e+00
1.000e-01, 2.363e+00, 1.102e-03, 0.000e+00, 3.000e-01, 0.000e+00, 0.000e+00, 0.000e+00
1.100e-01, 2.318e+00, 1.228e-03, 0.000e+00, 3.000e-01, 0.000e+00, 0.000e+00, 0.000e+00
1.200e-01, 2.275e+00, 1.356e-03, 0.000e+00, 3.000e-01, 0.000e+00, 0.000e+00, 0.000e+00
1.300e-01, 2.233e+00, 1.486e-03, 0.000e+00, 3.000e-01, 0.000e+00, 0.000e+00, 0.000e+00
1.400e-01, 2.201e+00, 1.591e-03, 0.000e+00, 3.000e-01, 0.000e+00, 0.000e+00, 0.000e+00
1.500e-01, 2.162e+00, 1.725e-03, 0.000e+00, 3.000e-01, 0.000e+00, 0.000e+00, 0.000e+00
1.600e-01, 2.125e+00, 1.861e-03, 0.000e+00, 3.000e-01, 0.000e+00, 0.000e+00, 0.000e+00
1.700e-01, 2.089e+00, 1.999e-03, 0.000e+00, 3.000e-01, 0.000e+00, 0.000e+00, 0.000e+00
1.800e-01, 2.054e+00, 2.140e-03, 0.000e+00, 3.000e-01, 0.000e+00, 0.000e+00, 0.000e+00
1.900e-01, 2.021e+00, 2.282e-03, 0.000e+00, 3.000e-01, 0.000e+00, 0.000e+00, 0.000e+00
2.000e-01, 1.988e+00, 2.427e-03, 0.000e+00, 3.000e-01, 0.000e+00, 0.000e+00, 0.000e+00
2.100e-01, 1.957e+00, 2.574e-03, 0.000e+00, 3.000e-01, 0.000e+00, 0.000e+00, 0.000e+00
2.200e-01, 1.926e+00, 2.723e-03, 0.000e+00, 3.000e-01, 0.000e+00, 0.000e+00, 0.000e+00
2.300e-01, 1.897e+00, 2.875e-03, 0.000e+00, 3.000e-01, 0.000e+00, 0.000e+00, 0.000e+00
2.400e-01, 1.868e+00, 3.029e-03, 0.000e+00, 3.000e-01, 0.000e+00, 0.000e+00, 0.000e+00
2.500e-01, 1.841e+00, 3.186e-03, 0.000e+00, 3.000e-01, 0.000e+00, 0.000e+00, 0.000e+00
2.600e-01, 1.814e+00, 3.345e-03, 0.000e+00, 3.000e-01, 0.000e+00, 0.000e+00, 0.000e+00
2.700e-01, 1.787e+00, 3.506e-03, 0.000e+00, 3.000e-01, 0.000e+00, 0.000e+00, 0.000e+00
2.800e-01, 1.762e+00, 3.669e-03, 0.000e+00, 3.000e-01, 0.000e+00, 0.000e+00, 0.000e+00
2.900e-01, 1.737e+00, 3.835e-03, 0.000e+00, 3.000e-01, 0.000e+00, 0.000e+00, 0.000e+00
3.000e-01, 1.713e+00, 4.003e-03, 0.000e+00, 3.000e-01, 0.000e+00, 0.000e+00, 0.000e+00
3.100e-01, 1.698e+00, 4.116e-03, 0.000e+00, 3.000e-01, 0.000e+00, 0.000e+00, 0.000e+00
3.200e-01, 1.675e+00, 4.287e-03, 0.000e+00, 3.000e-01, 0.000e+00, 0.000e+00, 0.000e+00
3.300e-01, 1.652e+00, 4.461e-03, 0.000e+00, 3.000e-01, 0.000e+00, 0.000e+00, 0.000e+00
3.400e-01, 1.631e+00, 4.637e-03, 0.000e+00, 3.000e-01, 0.000e+00, 0.000e+00, 0.000e+00
3.500e-01, 1.610e+00, 4.815e-03, 0.000e+00, 3.000e-01, 0.000e+00, 0.000e+00, 0.000e+00
3.600e-01, 1.589e+00, 4.996e-03, 0.000e+00, 3.000e-01, 0.000e+00, 0.000e+00, 0.000e+00
3.700e-01, 1.569e+00, 5.179e-03, 0.000e+00, 3.000e-01, 0.000e+00, 0.000e+00, 0.000e+00
3.800e-01, 1.549e+00, 5.364e-03, 0.000e+00, 3.000e-01, 0.000e+00, 0.000e+00, 0.000e+00
3.900e-01, 1.530e+00, 5.551e-03, 0.000e+00, 3.000e-01, 0.000e+00, 0.000e+00, 0.000e+00
4.000e-01, 1.512e+00, 5.741e-03, 0.000e+00, 3.000e-01, 0.000e+00, 0.000e+00, 0.000e+00
4.100e-01, 1.494e+00, 5.933e-03, 0.000e+00, 3.000e-01, 0.000e+00, 0.000e+00, 0.000e+00
4.200e-01, 1.476e+00, 6.128e-03, 0.000e+00, 3.000e-01, 0.000e+00, 0.000e+00, 0.000e+00
4.300e-01, 1.459e+00, 6.325e-03, 0.000e+00, 3.000e-01, 0.000e+00, 0.000e+00, 0.000e+00
4.400e-01, 1.442e+00, 6.524e-03, 0.000e+00, 3.000e-01, 0.000e+00, 0.000e+00, 0.000e+00
4.500e-01, 1.425e+00, 6.725e-03, 0.000e+00, 3.000e-01, 0.000e+00, 0.000e+00, 0.000e+00
4.600e-01, 1.409e+00, 6.929e-03, 0.000e+00, 3.000e-01, 0.000e+00, 0.000e+00, 0.000e+00
4.700e-01, 1.393e+00, 7.135e-03, 0.000e+00, 3.000e-01, 0.000e+00, 0.000e+00, 0.000e+00
4.800e-01, 1.378e+00, 7.344e-03, 0.000e+00, 3.000e-01, 0.000e+00, 0.000e+00, 0.000e+00
4.900e-01, 1.363e+00, 7.555e-03, 0.000e+00, 3.000e-01, 0.000e+00, 0.000e+00, 0.000e+00
5.000e-01, 1.348e+00, 7.768e-03, 0.000e+00, 3.000e-01, 0.000e+00, 0.000e+00, 0.000e+00
5.100e-01, 1.333e+00, 7.983e-03, 0.000e+00, 3.000e-01, 0.000e+00, 0.000e+00, 0.000e+00
5.200e-01, 1.319e+00, 8.201e-03, 0.000e+00, 3.000e-01, 0.000e+00, 0.000e+00, 0.000e+00
5.300e-01, 1.305e+00, 8.421e-03, 0.000e+00, 3.000e-01, 0.000e+00, 0.000e+00, 0.000e+00
5.400e-01, 1.292e+00, 8.644e-03, 0.000e+00, 3.000e-01, 0.000e+00, 0.000e+00, 0.000e+00
5.500e-01, 1.279e+00, 8.869e-03, 0.000e+00, 3.000e-01, 0.000e+00, 0.000e+00, 0.000e+00
5.600e-01, 1.266e+00, 9.096e-03, 0.000e+00, 3.000e-01, 0.000e+00, 0.000e+00, 0.000e+00
5.700e-01, 1.253e+00, 9.325e-03, 0.000e+00, 3.000e-01, 0.000e+00, 0.000e+00, 0.000e+00
5.800e-01, 1.240e+00, 9.557e-03, 0.000e+00, 3.000e-01, 0.000e+00, 0.000e+00, 0.000e+00
5.900e-01, 1.228e+00, 9.791e-03, 0.000e+00, 3.000e-01, 0.000e+00, 0.000e+00, 0.000e+00
6.000e-01, 1.216e+00, 1.003e-02, 0.000e+00, 3.000e-01, 0.000e+00, 0.000e+00, 0.000e+00
6.100e-01, 1.204e+00, 1.027e-02, 0.000e+00, 3.000e-01, 0.000e+00, 0.000e+00, 0.000e+00
6.200e-01, 1.193e+00, 1.051e-02, 0.000e+00, 3.000e-01, 0.000e+00, 0.000e+00, 0.000e+00
6.300e-01, 1.181e+00, 1.075e-02, 0.000e+00, 3.000e-01, 0.000e+00, 0.000e+00, 0.000e+00
6.400e-01, 1.170e+00, 1.100e-02, 0.000e+00, 3.000e-01, 0.000e+00, 0.000e+00, 0.000e+00
6.500e-01, 1.159e+00, 1.124e-02, 0.000e+00, 3.000e-01, 0.000e+00, 0.000e+00, 0.000e+00
6.600e-01, 1.149e+00, 1.149e-02, 0.000e+00, 3.000e-01, 0.000e+00, 0.000e+00, 0.000e+00
6.700e-01, 1.138e+00, 1.175e-02, 0.000e+00, 3.000e-01, 0.000e+00, 0.000e+00, 0.000e+00
6.800e-01, 1.133e+00, 1.187e-02, 0.000e+00, 3.000e-01, 0.000e+00, 0.000e+00, 0.000e+00
6.900e-01, 1.123e+00, 1.213e-02, 0.000e+00, 3.000e-01, 0.000e+00, 0.000e+00, 0.000e+00
7.000e-01, 1.113e+00, 1.239e-02, 0.000e+00, 3.000e-01, 0.000e+00, 0.000e+00, 0.000e+00
7.100e-01, 1.103e+00, 1.265e-02, 0.000e+00, 3.000e-01, 0.000e+00, 0.000e+00, 0.000e+00
7.200e-01, 1.093e+00, 1.291e-02, 0.000e+00, 3.000e-01, 0.000e+00, 0.000e+00, 0.000e+00
7.300e-01, 1.084e+00, 1.317e-02, 0.000e+00, 3.000e-01, 0.000e+00, 0.000e+00, 0.000e+00
7.400e-01, 1.074e+00, 1.344e-02, 0.000e+00, 3.000e-01, 0.000e+00, 0.000e+00, 0.000e+00
7.500e-01, 1.065e+00, 1.371e-02, 0.000e+00, 3.000e-01, 0.000e+00, 0.000e+00, 0.000e+00
7.600e-01, 1.056e+00, 1.398e-02, 0.000e+00, 3.000e-01, 0.000e+00, 0.000e+00, 0.000e+00
7.700e-01, 1.047e+00, 1.425e-02, 0.000e+00, 3.000e-01, 0.000e+00, 0.000e+00, 0.000e+00
7.800e-01, 1.039e+00, 1.453e-02, 0.000e+00, 3.000e-01, 0.000e+00, 0.000e+00, 0.000e+00
7.900e-01, 1.030e+00, 1.481e-02, 0.000e+00, 3.000e-01, 0.000e+00, 0.000e+00, 0.000e+00
8.000e-01, 1.022e+00, 1.509e-02, 0.000e+00, 3.000e-01, 0.000e+00, 0.000e+00, 0.000e+00
8.100e-01, 1.013e+00, 1.537e-02, 0.000e+00, 3.000e-01, 0.000e+00, 0.000e+00, 0.000e+00
8.200e-01, 1.005e+00, 1.565e-02, 0.000e+00, 3.000e-01, 0.000e+00, 0.000e+00, 0.000e+00
8.300e-01, 9.971e-01, 1.594e-02, 0.000e+00, 3.000e-01, 0.000e+00, 0.000e+00, 0.000e+00
8.400e-01, 9.892e-01, 1.623e-02, 0.000e+00, 3.000e-01, 0.000e+00, 0.000e+00, 0.000e+00
8.500e-01, 9.814e-01, 1.652e-02, 0.000e+00, 3.000e-01, 0.000e+00, 0.000e+00, 0.000e+00
8.600e-01, 9.737e-01, 1.682e-02, 0.000e+00, 3.000e-01, 0.000e+00, 0.000e+00, 0.000e+00
8.700e-01, 9.662e-01, 1.711e-02, 0.000e+00, 3.000e-01, 0.000e+00, 0.000e+00, 0.000e+00
8.800e-01, 9.587e-01, 1.741e-02, 0.000e+00, 3.000e-01, 0.000e+00, 0.000e+00, 0.000e+00
8.900e-01, 9.514e-01, 1.771e-02, 0.000e+00, 3.000e-01, 0.000e+00, 0.000e+00, 0.000e+00
9.000e-01, 9.442e-01, 1.802e-02, 0.000e+00, 3.000e-01, 0.000e+00, 0.000e+00, 0.000e+00
9.100e-01, 9.386e-01, 1.826e-02, 0.000e+00, 3.000e-01, 0.000e+00, 0.000e+00, 0.000e+00
9.200e-01, 9.316e-01, 1.857e-02, 0.000e+00, 3.000e-01, 0.000e+00, 0.000e+00, 0.000e+00
9.300e-01, 9.247e-01, 1.888e-02, 0.000e+00, 3.000e-01, 0.000e+00, 0.000e+00, 0.000e+00
9.400e-01, 9.179e-01, 1.919e-02, 0.000e+00, 3.000e-01, 0.000e+00, 0.000e+00, 0.000e+00
9.500e-01, 9.112e-01, 1.950e-02, 0.000e+00, 3.000e-01, 0.000e+00, 0.000e+00, 0.000e+00
9.600e-01, 9.046e-01, 1.982e-02, 0.000e+00, 3.000e-01, 0.000e+00, 0.000e+00, 0.000e+00
9.700e-01, 8.981e-01, 2.014e-02, 0.000e+00, 3.000e-01, 0.000e+00, 0.000e+00, 0.000e+00
9.800e-01, 8.917e-01, 2.046e-02, 0.000e+00, 3.000e-01, 0.000e+00, 0.000e+00, 0.000e+00
9.900e-01, 8.853e-01, 2.078e-02, 0.000e+00, 3.000e-01, 0.000e+00, 0.000e+00, 0.000e+00
1.000e+00, 8.791e-01, 2.111e-02, 0.000e+00, 3.000e-01, 0.000e+00, 0.000e+00, 0.000e+00
1.010e+00, 8.730e-01, 2.144e-02, 0.000e+00, 3.000e-01, 0.000e+00, 0.000e+00, 0.000e+00
1.020e+00, 8.669e-01, 2.177e-02, 0.000e+00, 3.000e-01, 0.000e+00, 0.000e+00, 0.000e+00
1.030e+00, 8.609e-01, 2.210e-02, 0.000e+00, 3.000e-01, 0.000e+00, 0.000e+00, 0.000e+00
1.040e+00, 8.550e-01, 2.244e-02, 0.000e+00, 3.000e-01, 0.000e+00, 0.000e+00, 0.000e+00
1.050e+00, 8.492e-01, 2.277e-02, 0.000e+00, 3.000e-01, 0.000e+00, 0.000e+00, 0.000e+00
1.060e+00, 8.435e-01, 2.311e-02, 0.000e+00, 3.000e-01, 0.000e+00, 0.000e+00, 0.000e+00
1.070e+00, 8.378e-01, 2.345e-02, 0.000e+00, 3.000e-01, 0.000e+00, 0.000e+00, 0.000e+00
1.080e+00, 8.322e-01, 2.380e-02, 0.000e+00, 3.000e-01, 0.000e+00, 0.000e+00, 0.000e+00
1.090e+00, 8.267e-01, 2.414e-02, 0.000e+00, 3.000e-01, 0.000e+00, 0.000e+00, 0.000e+00
1.100e+00, 8.213e-01, 2.449e-02, 0.000e+00, 3.000e-01, 0.000e+00, 0.000e+00, 0.000e+00
1.110e+00, 8.159e-01, 2.484e-02, 0.000e+00, 3.000e-01, 0.000e+00, 0.000e+00, 0.000e+00
1.120e+00, 8.106e-01, 2.520e-02, 0.000e+00, 3.000e-01, 0.000e+00, 0.000e+00, 0.000e+00
1.130e+00, 8.054e-01, 2.555e-02, 0.000e+00, 3.000e-01, 0.000e+00, 0.000e+00, 0.000e+00
1.140e+00, 8.002e-01, 2.591e-02, 0.000e+00, 3.000e-01, 0.000e+00, 0.000e+00, 0.000e+00
1.150e+00, 7.951e-01, 2.627e-02, 0.000e+00, 3.000e-01, 0.000e+00, 0.000e+00, 0.000e+00
1.160e+00, 7.901e-01, 2.664e-02, 0.000e+00, 3.000e-01, 0.000e+00, 0.000e+00, 0.000e+00
1.170e+00, 7.851e-01, 2.700e-02, 0.000e+00, 3.000e-01, 0.000e+00, 0.000e+00, 0.000e+00
1.180e+00, 7.802e-01, 2.737e-02, 0.000e+00, 3.000e-01, 0.000e+00, 0.000e+00, 0.000e+00
1.190e+00, 7.754e-01, 2.774e-02, 0.000e+00, 3.000e-01, 0.000e+00, 0.000e+00, 0.000e+00
1.200e+00, 7.706e-01, 2.811e-02, 0.000e+00, 3.000e-01, 0.000e+00, 0.000e+00, 0.000e+00
1.210e+00, 7.658e-01, 2.848e-02, 0.000e+00, 3.000e-01, 0.000e+00, 0.000e+00, 0.000e+00
1.220e+00, 7.612e-01, 2.886e-02, 0.000e+00, 3.000e-01, 0.000e+00, 0.000e+00, 0.000e+00
1.230e+00, 7.566e-01, 2.924e-02, 0.000e+00, 3.000e-01, 0.000e+00, 0.000e+00, 0.000e+00
1.240e+00, 7.520e-01, 2.962e-02, 0.000e+00, 3.000e-01, 0.000e+00, 0.000e+00, 0.000e+00
1.250e+00, 7.486e-01, 2.990e-02, 0.000e+00, 3.000e-01, 0.000e+00, 0.000e+00, 0.000e+00
1.260e+00, 7.442e-01, 3.029e-02, 0.000e+00, 3.000e-01, 0.000e+00, 0.000e+00, 0.000e+00
1.270e+00, 7.398e-01, 3.068e-02, 0.000e+00, 3.000e-01, 0.000e+00, 0.000e+00, 0.000e+00
1.280e+00, 7.354e-01, 3.107e-02, 0.000e+00, 3.000e-01, 0.000e+00, 0.000e+00, 0.000e+00
1.290e+00, 7.311e-01, 3.146e-02, 0.000e+00, 3.000e-01, 0.000e+00, 0.000e+00, 0.000e+00
1.300e+00, 7.269e-01, 3.185e-02, 0.000e+00, 3.000e-01, 0.000e+00, 0.000e+00, 0.000e+00
1.310e+00, 7.227e-01, 3.225e-02, 0.000e+00, 3.000e-01, 0.000e+00, 0.000e+00, 0.000e+00
1.320e+00, 7.185e-01, 3.265e-02, 0.000e+00, 3.000e-01, 0.000e+00, 0.000e+00, 0.000e+00
1.330e+00, 7.144e-01, 3.305e-02, 0.000e+00, 3.000e-01, 0.000e+00, 0.000e+00, 0.000e+00
1.340e+00, 7.103e-01, 3.345e-02, 0.000e+00, 3.000e-01, 0.000e+00, 0.000e+00, 0.000e+00
1.350e+00, 7.063e-01, 3.385e-02, 0.000e+00, 3.000e-01, 0.000e+00, 0.000e+00, 0.000e+00
1.360e+00, 7.024e-01, 3.426e-02, 0.000e+00, 3.000e-01, 0.000e+00, 0.000e+00, 0.000e+00
1.370e+00, 6.984e-01, 3.467e-02, 0.000e+00, 3.000e-01, 0.000e+00, 0.000e+00, 0.000e+00
1.380e+00, 6.945e-01, 3.508e-02, 0.000e+00, 3.000e-01, 0.000e+00, 0.000e+00, 0.000e+00
1.390e+00, 6.907e-01, 3.550e-02, 0.000e+00, 3.000e-01, 0.000e+00, 0.000e+00, 0.000e+00
1.400e+00, 6.869e-01, 3.592e-02, 0.000e+00, 3.000e-01, 0.000e+00, 0.000e+00, 0.000e+00
1.410e+00, 6.832e-01, 3.634e-02, 0.000e+00, 3.000e-01, 0.000e+00, 0.000e+00, 0.000e+00
1.420e+00, 6.794e-01, 3.676e-02, 0.000e+00, 3.000e-01, 0.000e+00, 0.000e+00, 0.000e+00
1.430e+00, 6.758e-01, 3.718e-02, 0.000e+00, 3.000e-01, 0.000e+00, 0.000e+00, 0.000e+00
1.440e+00, 6.721e-01, 3.761e-02, 0.000e+00, 3.000e-01, 0.000e+00, 0.000e+00, 0.000e+00
1.450e+00, 6.685e-01, 3.804e-02, 0.000e+00, 3.000e-01, 0.000e+00, 0.000e+00, 0.000e+00
1.460e+00, 6.650e-01, 3.847e-02, 0.000e+00, 3.000e-01, 0.000e+00, 0.000e+00, 0.000e+00
1.470e+00, 6.615e-01, 3.890e-02, 0.000e+00, 3.000e-01, 0.000e+00, 0.000e+00, 0.000e+00
1.480e+00, 6.580e-01, 3.933e-02, 0.000e+00, 3.000e-01, 0.000e+00, 0.000e+00, 0.000e+00
1.490e+00, 6.545e-01, 3.977e-02, 0.000e+00, 3.000e-01, 0.000e+00, 0.000e+00, 0.000e+00
1.500e+00, 6.511e-01, 4.021e-02, 0.000e+00, 3.000e-01, 0.000e+00, 0.000e+00, 0.000e+00
1.510e+00, 6.477e-01, 4.065e-02, 0.000e+00, 3.000e-01, 0.000e+00, 0.000e+00, 0.000e+00
1.520e+00, 6.444e-01, 4.110e-02, 0.000e+00, 3.000e-01, 0.000e+00, 0.000e+00, 0.000e+00
1.530e+00, 6.411e-01, 4.155e-02, 0.000e+00, 3.000e-01, 0.000e+00, 0.000e+00, 0.000e+00
1.540e+00, 6.378e-01, 4.200e-02, 0.000e+00, 3.000e-01, 0.000e+00, 0.000e+00, 0.000e+00
1.550e+00, 6.346e-01, 4.245e-02, 0.000e+00, 3.000e-01, 0.000e+00, 0.000e+00, 0.000e+00
1.560e+00, 6.314e-01, 4.290e-02, 0.000e+00, 3.000e-01, 0.000e+00, 0.000e+00, 0.000e+00
1.570e+00, 6.282e-01, 4.336e-02, 0.000e+00, 3.000e-01, 0.000e+00, 0.000e+00, 0.000e+00
1.580e+00, 6.251e-01, 4.382e-02, 0.000e+00, 3.000e-01, 0.000e+00, 0.000e+00, 0.000e+00
1.590e+00, 6.219e-01, 4.428e-02, 0.000e+00, 3.000e-01, 0.000e+00, 0.000e+00, 0.000e+00
1.600e+00, 6.189e-01, 4.474e-02, 0.000e+00, 3.000e-01, 0.000e+00, 0.000e+00, 0.000e+00
1.610e+00, 6.158e-01, 4.520e-02, 0.000e+00, 3.000e-01, 0.000e+00, 0.000e+00, 0.000e+00
1.620e+00, 6.128e-01, 4.567e-02, 0.000e+00, 3.000e-01, 0.000e+00, 0.000e+00, 0.000e+00
1.630e+00, 6.098e-01, 4.614e-02, 0.000e+00, 3.000e-01, 0.000e+00, 0.000e+00, 0.000e+00
1.640e+00, 6.068e-01, 4.661e-02, 0.000e+00, 3.000e-01, 0.000e+00, 0.000e+00, 0.000e+00
1.650e+00, 6.039e-01, 4.709e-02, 0.000e+00, 3.000e-01, 0.000e+00, 0.000e+00, 0.000e+00
1.660e+00, 6.010e-01, 4.757e-02, 0.000e+00, 3.000e-01, 0.000e+00, 0.000e+00, 0.000e+00
1.670e+00, 5.981e-01, 4.805e-02, 0.000e+00, 3.000e-01, 0.000e+00, 0.000e+00, 0.000e+00
1.680e+00, 5.953e-01, 4.853e-02, 0.000e+00, 3.000e-01, 0.000e+00, 0.000e+00, 0.000e+00
1.690e+00, 5.924e-01, 4.901e-02, 0.000e+00, 3.000e-01, 0.000e+00, 0.000e+00, 0.000e+00
1.700e+00, 5.897e-01, 4.950e-02, 0.000e+00, 3.000e-01, 0.000e+00, 0.000e+00, 0.000e+00
1.710e+00, 5.869e-01, 4.999e-02, 0.000e+00, 3.000e-01, 0.000e+00, 0.000e+00, 0.000e+00
1.720e+00, 5.841e-01, 5.048e-02, 0.000e+00, 3.000e-01, 0.000e+00, 0.000e+00, 0.000e+00
1.730e+00, 5.814e-01, 5.097e-02, 0.000e+00, 3.000e-01, 0.000e+00, 0.000e+00, 0.000e+00
1.740e+00, 5.787e-01, 5.146e-02, 0.000e+00, 3.000e-01, 0.000e+00, 0.000e+00, 0.000e+00
1.750e+00, 5.761e-01, 5.196e-02, 0.000e+00, 3.000e-01, 0.000e+00, 0.000e+00, 0.000e+00
1.760e+00, 5.734e-01, 5.246e-02, 0.000e+00, 3.000e-01, 0.000e+00, 0.000e+00, 0.000e+00
1.770e+00, 5.708e-01, 5.296e-02, 0.000e+00, 3.000e-01, 0.000e+00, 0.000e+00, 0.000e+00
1.780e+00, 5.682e-01, 5.347e-02, 0.000e+00, 3.000e-01, 0.000e+00, 0.000e+00, 0.000e+00
1.790e+00, 5.656e-01, 5.398e-02, 0.000e+00, 3.000e-01, 0.000e+00, 0.000e+00, 0.000e+00
1.800e+00, 5.631e-01, 5.449e-02, 0.000e+00, 3.000e-01, 0.000e+00, 0.000e+00, 0.000e+00
1.810e+00, 5.606e-01, 5.500e-02, 0.000e+00, 3.000e-01, 0.000e+00, 0.000e+00, 0.000e+00
1.820e+00, 5.581e-01, 5.551e-02, 0.000e+00, 3.000e-01, 0.000e+00, 0.000e+00, 0.000e+00
1.830e+00, 5.556e-01, 5.603e-02, 0.000e+00, 3.000e-01, 0.000e+00, 0.000e+00, 0.000e+00
1.840e+00, 5.540e-01, 5.636e-02, 0.000e+00, 3.000e-01, 0.000e+00, 0.000e+00, 0.000e+00
1.850e+00, 5.515e-01, 5.688e-02, 0.000e+00, 3.000e-01, 0.000e+00, 0.000e+00, 0.000e+00
1.860e+00, 5.491e-01, 5.741e-02, 0.000e+00, 3.000e-01, 0.000e+00, 0.000e+00, 0.000e+00
1.870e+00, 5.467e-01, 5.793e-02, 0.000e+00, 3.000e-01, 0.000e+00, 0.000e+00, 0.000e+00
1.880e+00, 5.443e-01, 5.846e-02, 0.000e+00, 3.000e-01, 0.000e+00, 0.000e+00, 0.000e+00
1.890e+00, 5.420e-01, 5.898e-02, 0.000e+00, 3.000e-01, 0.000e+00, 0.000e+00, 0.000e+00
1.900e+00, 5.396e-01, 5.951e-02, 0.000e+00, 3.000e-01, 0.000e+00, 0.000e+00, 0.000e+00
1.910e+00, 5.373e-01, 6.005e-02, 0.000e+00, 3.000e-01, 0.000e+00, 0.000e+00, 0.000e+00
1.920e+00, 5.350e-01, 6.058e-02, 0.000e+00, 3.000e-01, 0.000e+00, 0.000e+00, 0.000e+00
1.930e+00, 5.327e-01, 6.112e-02, 0.000e+00, 3.000e-01, 0.000e+00, 0.000e+00, 0.000e+00
1.940e+00, 5.305e-01, 6.166e-02, 0.000e+00, 3.000e-01, 0.000e+00, 0.000e+00, 0.000e+00
1.950e+00, 5.283e-01, 6.220e-02, 0.000e+00, 3.000e-01, 0.000e+00, 0.000e+00, 0.000e+00
1.960e+00, 5.260e-01, 6.275e-02, 0.000e+00, 3.000e-01, 0.000e+00, 0.000e+00, 0.000e+00
1.970e+00, 5.238e-01, 6.329e-02, 0.000e+00, 3.000e-01, 0.000e+00, 0.000e+00, 0.000e+00
1.980e+00, 5.217e-01, 6.384e-02, 0.000e+00, 3.000e-01, 0.000e+00, 0.000e+00, 0.000e+00
1.990e+00, 5.195e-01, 6.439e-02, 0.000e+00, 3.000e-01, 0.000e+00, 0.000e+00, 0.000e+00
2.000e+00, 5.173e-01, 6.495e-02, 0.000e+00, 3.000e-01, 0.000e+00, 0.000e+00, 0.000e+00
2.010e+00, 5.152e-01, 6.550e-02, 0.000e+00, 3.000e-01, 0.000e+00, 0.000e+00, 0.000e+00
2.020e+00, 5.131e-01, 6.606e-02, 0.000e+00, 3.000e-01, 0.000e+00, 0.000e+00, 0.000e+00
2.030e+00, 5.110e-01, 6.662e-02, 0.000e+00, 3.000e-01, 0.000e+00, 0.000e+00, 0.000e+00
2.040e+00, 5.089e-01, 6.719e-02, 0.000e+00, 3.000e-01, 0.000e+00, 0.000e+00, 0.000e+00
2.050e+00, 5.069e-01, 6.775e-02, 0.000e+00, 3.000e-01, 0.000e+00, 0.000e+00, 0.000e+00
2.060e+00, 5.048e-01, 6.832e-02, 0.000e+00, 3.000e-01, 0.000e+00, 0.000e+00, 0.000e+00
2.070e+00, 5.028e-01, 6.889e-02, 0.000e+00, 3.000e-01, 0.000e+00, 0.000e+00, 0.000e+00
2.080e+00, 5.008e-01, 6.946e-02, 0.000e+00, 3.000e-01, 0.000e+00, 0.000e+00, 0.000e+00
2.090e+00, 4.988e-01, 7.003e-02, 0.000e+00, 3.000e-01, 0.000e+00, 0.000e+00, 0.000e+00
2.100e+00, 4.968e-01, 7.061e-02, 0.000e+00, 3.000e-01, 0.000e+00, 0.000e+00, 0.000e+00
2.110e+00, 4.949e-01, 7.119e-02, 0.000e+00, 3.000e-01, 0.000e+00, 0.000e+00, 0.000e+00
2.120e+00, 4.929e-01, 7.177e-02, 0.000e+00, 3.000e-01, 0.000e+00, 0.000e+00, 0.000e+00
2.130e+00, 4.910e-01, 7.235e-02, 0.000e+00, 3.000e-01, 0.000e+00, 0.000e+00, 0.000e+00
2.140e+00, 4.891e-01, 7.294e-02, 0.000e+00, 3.000e-01, 0.000e+00, 0.000e+00, 0.000e+00
2.150e+00, 4.872e-01, 7.353e-02, 0.000e+00, 3.000e-01, 0.000e+00, 0.000e+00, 0.000e+00
2.160e+00, 4.853e-01, 7.412e-02, 0.000e+00, 3.000e-01, 0.000e+00, 0.000e+00, 0.000e+00
2.170e+00, 4.834e-01, 7.471e-02, 0.000e+00, 3.000e-01, 0.000e+00, 0.000e+00, 0.000e+00
2.180e+00, 4.816e-01, 7.531e-02, 0.000e+00, 3.000e-01, 0.000e+00, 0.000e+00, 0.000e+00
2.190e+00, 4.797e-01, 7.590e-02, 0.000e+00, 3.000e-01, 0.000e+00, 0.000e+00, 0.000e+00
2.200e+00, 4.779e-01, 7.650e-02, 0.000e+00, 3.000e-01, 0.000e+00, 0.000e+00, 0.000e+00
2.210e+00, 4.761e-01, 7.711e-02, 0.000e+00, 3.000e-01, 0.000e+00, 0.000e+00, 0.000e+00
2.220e+00, 4.743e-01, 7.771e-02, 0.000e+00, 3.000e-01, 0.000e+00, 0.000e+00, 0.000e+00
2.230e+00, 4.725e-01, 7.832e-02, 0.000e+00, 3.000e-01, 0.000e+00, 0.000e+00, 0.000e+00
2.240e+00, 4.707e-01, 7.892e-02, 0.000e+00, 3.000e-01, 0.000e+00, 0.000e+00, 0.000e+00
2.250e+00, 4.690e-01, 7.954e-02, 0.000e+00, 3.000e-01, 0.000e+00, 0.000e+00, 0.000e+00
2.260e+00, 4.672e-01, 8.015e-02, 0.000e+00, 3.000e-01, 0.000e+00, 0.000e+00, 0.000e+00
2.270e+00, 4.655e-01, 8.076e-02, 0.000e+00, 3.000e-01, 0.000e+00, 0.000e+00, 0.000e+00
2.280e+00, 4.638e-01, 8.138e-02, 0.000e+00, 3.000e-01, 0.000e+00, 0.000e+00, 0.000e+00
2.290e+00, 4.621e-01, 8.200e-02, 0.000e+00, 3.000e-01, 0.000e+00, 0.000e+00, 0.000e+00
2.300e+00, 4.604e-01, 8.263e-02, 0.000e+00, 3.000e-01, 0.000e+00, 0.000e+00, 0.000e+00
2.310e+00, 4.587e-01, 8.325e-02, 0.000e+00, 3.000e-01, 0.000e+00, 0.000e+00, 0.000e+00
2.320e+00, 4.570e-01, 8.388e-02, 0.000e+00, 3.000e-01, 0.000e+00, 0.000e+00, 0.000e+00
2.330e+00, 4.553e-01, 8.451e-02, 0.000e+00, 3.000e-01, 0.000e+00, 0.000e+00, 0.000e+00
2.340e+00, 4.537e-01, 8.514e-02, 0.000e+00, 3.000e-01, 0.000e+00, 0.000e+00, 0.000e+00
2.350e+00, 4.521e-01, 8.577e-02, 0.000e+00, 3.000e-01, 0.000e+00, 0.000e+00, 0.000e+00
2.360e+00, 4.504e-01, 8.641e-02, 0.000e+00, 3.000e-01, 0.000e+00, 0.000e+00, 0.000e+00
2.370e+00, 4.488e-01, 8.705e-02, 0.000e+00, 3.000e-01, 0.000e+00, 0.000e+00, 0.000e+00
2.380e+00, 4.472e-01, 8.769e-02, 0.000e+00, 3.000e-01, 0.000e+00, 0.000e+00, 0.000e+00
2.390e+00, 4.457e-01, 8.833e-02, 0.000e+00, 3.000e-01, 0.000e+00, 0.000e+00, 0.000e+00
2.400e+00, 4.441e-01, 8.898e-02, 0.000e+00, 3.000e-01, 0.000e+00, 0.000e+00, 0.000e+00
2.410e+00, 4.425e-01, 8.962e-02, 0.000e+00, 3.000e-01, 0.000e+00, 0.000e+00, 0.000e+00
2.420e+00, 4.410e-01, 9.027e-02, 0.000e+00, 3.000e-01, 0.000e+00, 0.000e+00, 0.000e+00
2.430e+00, 4.394e-01, 9.093e-02, 0.000e+00, 3.000e-01, 0.000e+00, 0.000e+00, 0.000e+00
2.440e+00, 4.379e-01, 9.158e-02, 0.000e+00, 3.000e-01, 0.000e+00, 0.000e+00, 0.000e+00
2.450e+00, 4.364e-01, 9.224e-02, 0.000e+00, 3.000e-01, 0.000e+00, 0.000e+00, 0.000e+00
2.460e+00, 4.349e-01, 9.290e-02, 0.000e+00, 3.000e-01, 0.000e+00, 0.000e+00, 0.000e+00
2.470e+00, 4.334e-01, 9.356e-02, 0.000e+00, 3.000e-01, 0.000e+00, 0.000e+00, 0.000e+00
2.480e+00, 4.319e-01, 9.422e-02, 0.000e+00, 3.000e-01, 0.000e+00, 0.000e+00, 0.000e+00
2.490e+00, 4.304e-01, 9.489e-02, 0.000e+00, 3.000e-01, 0.000e+00, 0.000e+00, 0.000e+00
2.500e+00, 4.289e-01, 9.556e-02, 0.000e+00, 3.000e-01, 0.000e+00, 0.000e+00, 0.000e+00
2.510e+00, 4.275e-01, 9.623e-02, 0.000e+00, 3.000e-01, 0.000e+00, 0.000e+00, 0.000e+00
2.520e+00, 4.260e-01, 9.690e-02, 0.000e+00, 3.000e-01, 0.000e+00, 0.000e+00, 0.000e+00
2.530e+00, 4.246e-01, 9.757e-02, 0.000e+00, 3.000e-01, 0.000e+00, 0.000e+00, 0.000e+00
2.540e+00, 4.232e-01, 9.825e-02, 0.000e+00, 3.000e-01, 0.000e+00, 0.000e+00, 0.000e+00
2.550e+00, 4.217e-01, 9.893e-02, 0.000e+00, 3.000e-01, 0.000e+00, 0.000e+00, 0.000e+00
2.560e+00, 4.203e-01, 9.961e-02, 0.000e+00, 3.000e-01, 0.000e+00, 0.000e+00, 0.000e+00
2.570e+00, 4.189e-01, 1.003e-01, 0.000e+00, 3.000e-01, 0.000e+00, 0.000e+00, 0.000e+00
2.580e+00, 4.176e-01, 1.010e-01, 0.000e+00, 3.000e-01, 0.000e+00, 0.000e+00, 0.000e+00
2.590e+00, 4.162e-01, 1.017e-01, 0.000e+00, 3.000e-01, 0.000e+00, 0.000e+00, 0.000e+00
2.600e+00, 4.148e-01, 1.024e-01, 0.000e+00, 3.000e-01, 0.000e+00, 0.000e+00, 0.000e+00
2.610e+00, 4.134e-01, 1.031e-01, 0.000e+00, 3.000e-01, 0.000e+00, 0.000e+00, 0.000e+00
2.620e+00, 4.121e-01, 1.038e-01, 0.000e+00, 3.000e-01, 0.000e+00, 0.000e+00, 0.000e+00
2.630e+00, 4.107e-01, 1.044e-01, 0.000e+00, 3.000e-01, 0.000e+00, 0.000e+00, 0.000e+00
2.640e+00, 4.094e-01, 1.051e-01, 0.000e+00, 3.000e-01, 0.000e+00, 0.000e+00, 0.000e+00
2.650e+00, 4.081e-01, 1.059e-01, 0.000e+00, 3.000e-01, 0.000e+00, 0.000e+00, 0.000e+00
2.660e+00, 4.068e-01, 1.066e-01, 0.000e+00, 3.000e-01, 0.000e+00, 0.000e+00, 0.000e+00
2.670e+00, 4.055e-01, 1.073e-01, 0.000e+00, 3.000e-01, 0.000e+00, 0.000e+00, 0.000e+00
2.680e+00, 4.042e-01, 1.080e-01, 0.000e+00, 3.000e-01, 0.000e+00, 0.000e+00, 0.000e+00
2.690e+00, 4.029e-01, 1.087e-01, 0.000e+00, 3.000e-01, 0.000e+00, 0.000e+00, 0.000e+00
2.700e+00, 4.016e-01, 1.094e-01, 0.000e+00, 3.000e-01, 0.000e+00, 0.000e+00, 0.000e+00
2.710e+00, 4.003e-01, 1.101e-01, 0.000e+00, 3.000e-01, 0.000e+00, 0.000e+00, 0.000e+00
2.720e+00, 3.991e-01, 1.108e-01, 0.000e+00, 3.000e-01, 0.000e+00, 0.000e+00, 0.000e+00
2.730e+00, 3.978e-01, 1.116e-01, 0.000e+00, 3.000e-01, 0.000e+00, 0.000e+00, 0.000e+00
2.740e+00, 3.966e-01, 1.123e-01, 0.000e+00, 3.000e-01, 0.000e+00, 0.000e+00, 0.000e+00
2.750e+00, 3.953e-01, 1.130e-01, 0.000e+00, 3.000e-01, 0.000e+00, 0.000e+00, 0.000e+00
2.760e+00, 3.941e-01, 1.137e-01, 0.000e+00, 3.000e-01, 0.000e+00, 0.000e+00, 0.000e+00
2.770e+00, 3.929e-01, 1.145e-01, 0.000e+00, 3.000e-01, 0.000e+00, 0.000e+00, 0.000e+00
2.780e+00, 3.916e-01, 1.152e-01, 0.000e+00, 3.000e-01, 0.000e+00, 0.000e+00, 0.000e+00
2.790e+00, 3.904e-01, 1.159e-01, 0.000e+00, 3.000e-01, 0.000e+00, 0.000e+00, 0.000e+00
2.800e+00, 3.892e-01, 1.167e-01, 0.000e+00, 3.000e-01, 0.000e+00, 0.000e+00, 0.000e+00
2.810e+00, 3.880e-01, 1.174e-01, 0.000e+00, 3.000e-01, 0.000e+00, 0.000e+00, 0.000e+00
2.820e+00, 3.868e-01, 1.181e-01, 0.000e+00, 3.000e-01, 0.000e+00, 0.000e+00, 0.000e+00
2.830e+00, 3.857e-01, 1.189e-01, 0.000e+00, 3.000e-01, 0.000e+00, 0.000e+00, 0.000e+00
2.840e+00, 3.845e-01, 1.196e-01, 0.000e+00, 3.000e-01, 0.000e+00, 0.000e+00, 0.000e+00
2.850e+00, 3.833e-01, 1.204e-01, 0.000e+00, 3.000e-01, 0.000e+00, 0.000e+00, 0.000e+00
2.860e+00, 3.822e-01, 1.211e-01, 0.000e+00, 3.000e-01, 0.000e+00, 0.000e+00, 0.000e+00
2.870e+00, 3.810e-01, 1.219e-01, 0.000e+00, 3.000e-01, 0.000e+00, 0.000e+00, 0.000e+00
2.880e+00, 3.799e-01, 1.226e-01, 0.000e+00, 3.000e-01, 0.000e+00, 0.000e+00, 0.000e+00
2.890e+00, 3.788e-01, 1.234e-01, 0.000e+00, 3.000e-01, 0.000e+00, 0.000e+00, 0.000e+00
2.900e+00, 3.776e-01, 1.241e-01, 0.000e+00, 3.000e-01, 0.000e+00, 0.000e+00, 0.000e+00
2.910e+00, 3.765e-01, 1.249e-01, 0.000e+00, 3.000e-01, 0.000e+00, 0.000e+00, 0.000e+00
2.920e+00, 3.754e-01, 1.257e-01, 0.000e+00, 3.000e-01, 0.000e+00, 0.000e+00, 0.000e+00
2.930e+00, 3.743e-01, 1.264e-01, 0.000e+00, 3.000e-01, 0.000e+00, 0.000e+00, 0.000e+00
2.940e+00, 3.732e-01, 1.272e-01, 0.000e+00, 3.000e-01, 0.000e+00, 0.000e+00, 0.000e+00
2.950e+00, 3.721e-01, 1.280e-01, 0.000e+00, 3.000e-01, 0.000e+00, 0.000e+00, 0.000e+00
2.960e+00, 3.710e-01, 1.287e-01, 0.000e+00, 3.000e-01, 0.000e+00, 0.000e+00, 0.000e+00
2.970e+00, 3.699e-01, 1.295e-01, 0.000e+00, 3.000e-01, 0.000e+00, 0.000e+00, 0.000e+00
2.980e+00, 3.688e-01, 1.303e-01, 0.000e+00, 3.000e-01, 0.000e+00, 0.000e+00, 0.000e+00
2.990e+00, 3.678e-01, 1.311e-01, 0.000e+00, 3.000e-01, 0.000e+00, 0.000e+00, 0.000e+00
3.000e+00, 3.667e-01, 1.319e-01, 0.000e+00, 3.000e-01, 0.000e+00, 0.000e+00, 0.000e+00
3.010e+00, 3.657e-01, 1.326e-01, 0.000e+00, 3.000e-01, 0.000e+00, 0.000e+00, 0.000e+00
3.020e+00, 3.646e-01, 1.334e-01, 0.000e+00, 3.000e-01, 0.000e+00, 0.000e+00, 0.000e+00
3.030e+00, 3.636e-01, 1.342e-01, 0.000e+00, 3.000e-01, 0.000e+00, 0.000e+00, 0.000e+00
3.040e+00, 3.631e-01, 1.346e-01, 0.000e+00, 3.000e-01, 0.000e+00, 0.000e+00, 0.000e+00
3.050e+00, 3.621e-01, 1.354e-01, 0.000e+00, 3.000e-01, 0.000e+00, 0.000e+00, 0.000e+00
3.060e+00, 3.610e-01, 1.362e-01, 0.000e+00, 3.000e-01, 0.000e+00, 0.000e+00, 0.000e+00
3.070e+00, 3.600e-01, 1.370e-01, 0.000e+00, 3.000e-01, 0.000e+00, 0.000e+00, 0.000e+00
3.080e+00, 3.590e-01, 1.378e-01, 0.000e+00, 3.000e-01, 0.000e+00, 0.000e+00, 0.000e+00
3.090e+00, 3.580e-01, 1.385e-01, 0.000e+00, 3.000e-01, 0.000e+00, 0.000e+00, 0.000e+00
3.100e+00, 3.570e-01, 1.393e-01, 0.000e+00, 3.000e-01, 0.000e+00, 0.000e+00, 0.000e+00
3.110e+00, 3.560e-01, 1.402e-01, 0.000e+00, 3.000e-01, 0.000e+00, 0.000e+00, 0.000e+00
3.120e+00, 3.550e-01, 1.410e-01, 0.000e+00, 3.000e-01, 0.000e+00, 0.000e+00, 0.000e+00
3.130e+00, 3.540e-01, 1.418e-01, 0.000e+00, 3.000e-01, 0.000e+00, 0.000e+00, 0.000e+00
3.140e+00, 3.530e-01, 1.426e-01, 0.000e+00, 3.000e-01, 0.000e+00, 0.000e+00, 0.000e+00
3.150e+00, 3.521e-01, 1.434e-01, 0.000e+00, 3.000e-01, 0.000e+00, 0.000e+00, 0.000e+00
3.160e+00, 3.511e-01, 1.442e-01, 0.000e+00, 3.000e-01, 0.000e+00, 0.000e+00, 0.000e+00
3.170e+00, 3.501e-01, 1.450e-01, 0.000e+00, 3.000e-01, 0.000e+00, 0.000e+00, 0.000e+00
3.180e+00, 3.492e-01, 1.458e-01, 0.000e+00, 3.000e-01, 0.000e+00, 0.000e+00, 0.000e+00
3.190e+00, 3.482e-01, 1.467e-01, 0.000e+00, 3.000e-01, 0.000e+00, 0.000e+00, 0.000e+00
3.200e+00, 3.473e-01, 1.475e-01, 0.000e+00, 3.000e-01, 0.000e+00, 0.000e+00, 0.000e+00
3.210e+00, 3.464e-01, 1.483e-01, 0.000e+00, 3.000e-01, 0.000e+00, 0.000e+00, 0.000e+00
3.220e+00, 3.454e-01, 1.491e-01, 0.000e+00, 3.000e-01, 0.000e+00, 0.000e+00, 0.000e+00
3.230e+00, 3.445e-01, 1.500e-01, 0.000e+00, 3.000e-01, 0.000e+00, 0.000e+00, 0.000e+00
3.240e+00, 3.436e-01, 1.508e-01, 0.000e+00, 3.000e-01, 0.000e+00, 0.000e+00, 0.000e+00
3.250e+00, 3.427e-01, 1.516e-01, 0.000e+00, 3.000e-01, 0.000e+00, 0.000e+00, 0.000e+00
3.260e+00, 3.417e-01, 1.525e-01, 0.000e+00, 3.000e-01, 0.000e+00, 0.000e+00, 0.000e+00
3.270e+00, 3.408e-01, 1.533e-01, 0.000e+00, 3.000e-01, 0.000e+00, 0.000e+00, 0.000e+00
3.280e+00, 3.399e-01, 1.541e-01, 0.000e+00, 3.000e-01, 0.000e+00, 0.000e+00, 0.000e+00
3.290e+00, 3.390e-01, 1.550e-01, 0.000e+00, 3.000e-01, 0.000e+00, 0.000e+00, 0.000e+00
3.300e+00, 3.382e-01, 1.558e-01, 0.000e+00, 3.000e-01, 0.000e+00, 0.000e+00, 0.000e+00
3.310e+00, 3.373e-01, 1.567e-01, 0.000e+00, 3.000e-01, 0.000e+00, 0.000e+00, 0.000e+00
3.320e+00, 3.364e-01, 1.575e-01, 0.000e+00, 3.000e-01, 0.000e+00, 0.000e+00, 0.000e+00
3.330e+00, 3.355e-01, 1.584e-01, 0.000e+00, 3.000e-01, 0.000e+00, 0.000e+00, 0.000e+00
3.340e+00, 3.346e-01, 1.592e-01, 0.000e+00, 3.000e-01, 0.000e+00, 0.000e+00, 0.000e+00
3.350e+00, 3.338e-01, 1.601e-01, 0.000e+00, 3.000e-01, 0.000e+00, 0.000e+00, 0.000e+00
3.360e+00, 3.329e-01, 1.609e-01, 0.000e+00, 3.000e-01, 0.000e+00, 0.000e+00, 0.000e+00
3.370e+00, 3.320e-01, 1.618e-01, 0.000e+00, 3.000e-01, 0.000e+00, 0.000e+00, 0.000e+00
3.380e+00, 3.312e-01, 1.627e-01, 0.000e+00, 3.000e-01, 0.000e+00, 0.000e+00, 0.000e+00
3.390e+00, 3.303e-01, 1.635e-01, 0.000e+00, 3.000e-01, 0.000e+00, 0.000e+00, 0.000e+00
3.400e+00, 3.295e-01, 1.644e-01, 0.000e+00, 3.000e-01, 0.000e+00, 0.000e+00, 0.000e+00
3.410e+00, 3.287e-01, 1.653e-01, 0.000e+00, 3.000e-01, 0.000e+00, 0.000e+00, 0.000e+00
3.420e+00, 3.278e-01, 1.661e-01, 0.000e+00, 3.000e-01, 0.000e+00, 0.000e+00, 0.000e+00
3.430e+00, 3.270e-01, 1.670e-01, 0.000e+00, 3.000e-01, 0.000e+00, 0.000e+00, 0.000e+00
3.440e+00, 3.262e-01, 1.679e-01, 0.000e+00, 3.000e-01, 0.000e+00, 0.000e+00, 0.000e+00
3.450e+00, 3.254e-01, 1.688e-01, 0.000e+00, 3.000e-01, 0.000e+00, 0.000e+00, 0.000e+00
3.460e+00, 3.245e-01, 1.696e-01, 0.000e+00, 3.000e-01, 0.000e+00, 0.000e+00, 0.000e+00
3.470e+00, 3.237e-01, 1.705e-01, 0.000e+00, 3.000e-01, 0.000e+00, 0.000e+00, 0.000e+00
3.480e+00, 3.229e-01, 1.714e-01, 0.000e+00, 3.000e-01, 0.000e+00, 0.000e+00, 0.000e+00
3.490e+00, 3.221e-01, 1.723e-01, 0.000e+00, 3.000e-01, 0.000e+00, 0.000e+00, 0.000e+00
3.500e+00, 3.213e-01, 1.732e-01, 0.000e+00, 3.000e-01, 0.000e+00, 0.000e+00, 0.000e+00
3.510e+00, 3.205e-01, 1.741e-01, 0.000e+00, 3.000e-01, 0.000e+00, 0.000e+00, 0.000e+00
3.520e+00, 3.197e-01, 1.750e-01, 0.000e+00, 3.000e-01, 0.000e+00, 0.000e+00, 0.000e+00
3.530e+00, 3.190e-01, 1.758e-01, 0.000e+00, 3.000e-01, 0.000e+00, 0.000e+00, 0.000e+00
3.540e+00, 3.182e-01, 1.767e-01, 0.000e+00, 3.000e-01, 0.000e+00, 0.000e+00, 0.000e+00
3.550e+00, 3.174e-01, 1.776e-01, 0.000e+00, 3.000e-01, 0.000e+00, 0.000e+00, 0.000e+00
3.560e+00, 3.166e-01, 1.785e-01, 0.000e+00, 3.000e-01, 0.000e+00, 0.000e+00, 0.000e+00
3.570e+00, 3.159e-01, 1.794e-01, 0.000e+00, 3.000e-01, 0.000e+00, 0.000e+00, 0.000e+00
3.580e+00, 3.151e-01, 1.804e-01, 0.000e+00, 3.000e-01, 0.000e+00, 0.000e+00, 0.000e+00
3.590e+00, 3.143e-01, 1.813e-01, 0.000e+00, 3.000e-01, 0.000e+00, 0.000e+00, 0.000e+00
3.600e+00, 3.136e-01, 1.822e-01, 0.000e+00, 3.000e-01, 0.000e+00, 0.000e+00, 0.000e+00
3.610e+00, 3.128e-01, 1.831e-01, 0.000e+00, 3.000e-01, 0.000e+00, 0.000e+00, 0.000e+00
3.620e+00, 3.121e-01, 1.840e-01, 0.000e+00, 3.000e-01, 0.000e+00, 0.000e+00, 0.000e+00
3.630e+00, 3.113e-01, 1.849e-01, 0.000e+00, 3.000e-01, 0.000e+00, 0.000e+00, 0.000e+00
3.640e+00, 3.106e-01, 1.858e-01, 0.000e+00, 3.000e-01, 0.000e+00, 0.000e+00, 0.000e+00
3.650e+00, 3.099e-01, 1.867e-01, 0.000e+00, 3.000e-01, 0.000e+00, 0.000e+00, 0.000e+00
3.660e+00, 3.091e-01, 1.877e-01, 0.000e+00, 3.000e-01, 0.000e+00, 0.000e+00, 0.000e+00
3.670e+00, 3.084e-01, 1.886e-01, 0.000e+00, 3.000e-01, 0.000e+00, 0.000e+00, 0.000e+00
3.680e+00, 3.077e-01, 1.895e-01, 0.000e+00, 3.000e-01, 0.000e+00, 0.000e+00, 0.000e+00
3.690e+00, 3.069e-01, 1.904e-01, 0.000e+00, 3.000e-01, 0.000e+00, 0.000e+00, 0.000e+00
3.700e+00, 3.062e-01, 1.914e-01, 0.000e+00, 3.000e-01, 0.000e+00, 0.000e+00, 0.000e+00
3.710e+00, 3.055e-01, 1.923e-01, 0.000e+00, 3.000e-01, 0.000e+00, 0.000e+00, 0.000e+00
3.720e+00, 3.048e-01, 1.932e-01, 0.000e+00, 3.000e-01, 0.000e+00, 0.000e+00, 0.000e+00
3.730e+00, 3.041e-01, 1.942e-01, 0.000e+00, 3.000e-01, 0.000e+00, 0.000e+00, 0.000e+00
3.740e+00, 3.034e-01, 1.951e-01, 0.000e+00, 3.000e-01, 0.000e+00, 0.000e+00, 0.000e+00
3.750e+00, 3.027e-01, 1.961e-01, 0.000e+00, 3.000e-01, 0.000e+00, 0.000e+00, 0.000e+00
3.760e+00, 3.020e-01, 1.970e-01, 0.000e+00, 3.000e-01, 0.000e+00, 0.000e+00, 0.000e+00
3.770e+00, 3.013e-01, 1.979e-01, 0.000e+00, 3.000e-01, 0.000e+00, 0.000e+00, 0.000e+00
3.780e+00, 3.006e-01, 1.989e-01, 0.000e+00, 3.000e-01, 0.000e+00, 0.000e+00, 0.000e+00
3.790e+00, 2.999e-01, 1.998e-01, 0.000e+00, 3.000e-01, 0.000e+00, 0.000e+00, 0.000e+00
3.800e+00, 2.993e-01, 2.008e-01, 0.000e+00, 3.000e-01, 0.000e+00, 0.000e+00, 0.000e+00
3.810e+00, 2.986e-01, 2.017e-01, 0.000e+00, 3.000e-01, 0.000e+00, 0.000e+00, 0.000e+00
3.820e+00, 2.979e-01, 2.027e-01, 0.000e+00, 3.000e-01, 0.000e+00, 0.000e+00, 0.000e+00
3.830e+00, 2.972e-01, 2.037e-01, 0.000e+00, 3.000e-01, 0.000e+00, 0.000e+00, 0.000e+00
3.840e+00, 2.966e-01, 2.046e-01, 0.000e+00, 3.000e-01, 0.000e+00, 0.000e+00, 0.000e+00
3.850e+00, 2.959e-01, 2.056e-01, 0.000e+00, 3.000e-01, 0.000e+00, 0.000e+00, 0.000e+00
3.860e+00, 2.952e-01, 2.065e-01, 0.000e+00, 3.000e-01, 0.000e+00, 0.000e+00, 0.000e+00
3.870e+00, 2.946e-01, 2.075e-01, 0.000e+00, 3.000e-01, 0.000e+00, 0.000e+00, 0.000e+00
3.880e+00, 2.939e-01, 2.085e-01, 0.000e+00, 3.000e-01, 0.000e+00, 0.000e+00, 0.000e+00
3.890e+00, 2.933e-01, 2.094e-01, 0.000e+00, 3.000e-01, 0.000e+00, 0.000e+00, 0.000e+00
3.900e+00, 2.926e-01, 2.104e-01, 0.000e+00, 3.000e-01, 0.000e+00, 0.000e+00, 0.000e+00
3.910e+00, 2.920e-01, 2.114e-01, 0.000e+00, 3.000e-01, 0.000e+00, 0.000e+00, 0.000e+00
3.920e+00, 2.914e-01, 2.124e-01, 0.000e+00, 3.000e-01, 0.000e+00, 0.000e+00, 0.000e+00
3.930e+00, 2.907e-01, 2.133e-01, 0.000e+00, 3.000e-01, 0.000e+00, 0.000e+00, 0.000e+00
3.940e+00, 2.901e-01, 2.143e-01, 0.000e+00, 3.000e-01, 0.000e+00, 0.000e+00, 0.000e+00
3.950e+00, 2.894e-01, 2.153e-01, 0.000e+00, 3.000e-01, 0.000e+00, 0.000e+00, 0.000e+00
3.960e+00, 2.888e-01, 2.163e-01, 0.000e+00, 3.000e-01, 0.000e+00, 0.000e+00, 0.000e+00
3.970e+00, 2.882e-01, 2.173e-01, 0.000e+00, 3.000e-01, 0.000e+00, 0.000e+00, 0.000e+00
3.980e+00, 2.876e-01, 2.182e-01, 0.000e+00, 3.000e-01, 0.000e+00, 0.000e+00, 0.000e+00
3.990e+00, 2.870e-01, 2.192e-01, 0.000e+00, 3.000e-01, 0.000e+00, 0.000e+00, 0.000e+00
4.000e+00, 2.863e-01, 2.202e-01, 0.000e+00, 3.000e-01, 0.000e+00, 0.000e+00, 0.000e+00
4.010e+00, 2.857e-01, 2.212e-01, 0.000e+00, 3.000e-01, 0.000e+00, 0.000e+00, 0.000e+00
4.020e+00, 2.851e-01, 2.222e-01, 0.000e+00, 3.000e-01, 0.000e+00, 0.000e+00, 0.000e+00
4.030e+00, 2.845e-01, 2.232e-01, 0.000e+00, 3.000e-01, 0.000e+00, 0.000e+00, 0.000e+00
4.040e+00, 2.839e-01, 2.242e-01, 0.000e+00, 3.000e-01, 0.000e+00, 0.000e+00, 0.000e+00
4.050e+00, 2.833e-01, 2.252e-01, 0.000e+00, 3.000e-01, 0.000e+00, 0.000e+00, 0.000e+00
4.060e+00, 2.827e-01, 2.262e-01, 0.000e+00, 3.000e-01, 0.000e+00, 0.000e+00, 0.000e+00
4.070e+00, 2.821e-01, 2.272e-01, 0.000e+00, 3.000e-01, 0.000e+00, 0.000e+00, 0.000e+00
4.080e+00, 2.815e-01, 2.282e-01, 0.000e+00, 3.000e-01, 0.000e+00, 0.000e+00, 0.000e+00
4.090e+00, 2.809e-01, 2.292e-01, 0.000e+00, 3.000e-01, 0.000e+00, 0.000e+00, 0.000e+00
4.100e+00, 2.804e-01, 2.303e-01, 0.000e+00, 3.000e-01, 0.000e+00, 0.000e+00, 0.000e+00
4.110e+00, 2.798e-01, 2.313e-01, 0.000e+00, 3.000e-01, 0.000e+00, 0.000e+00, 0.000e+00
4.120e+00, 2.792e-01, 2.323e-01, 0.000e+00, 3.000e-01, 0.000e+00, 0.000e+00, 0.000e+00
4.130e+00, 2.786e-01, 2.333e-01, 0.000e+00, 3.000e-01, 0.000e+00, 0.000e+00, 0.000e+00
4.140e+00, 2.780e-01, 2.343e-01, 0.000e+00, 3.000e-01, 0.000e+00, 0.000e+00, 0.000e+00
4.150e+00, 2.775e-01, 2.353e-01, 0.000e+00, 3.000e-01, 0.000e+00, 0.000e+00, 0.000e+00
4.160e+00, 2.769e-01, 2.364e-01, 0.000e+00, 3.000e-01, 0.000e+00, 0.000e+00, 0.000e+00
4.170e+00, 2.763e-01, 2.374e-01, 0.000e+00, 3.000e-01, 0.000e+00, 0.000e+00, 0.000e+00
4.180e+00, 2.758e-01, 2.384e-01, 0.000e+00, 3.000e-01, 0.000e+00, 0.000e+00, 0.000e+00
4.190e+00, 2.752e-01, 2.394e-01, 0.000e+00, 3.000e-01, 0.000e+00, 0.000e+00, 0.000e+00
4.200e+00, 2.747e-01, 2.405e-01, 0.000e+00, 3.000e-01, 0.000e+00, 0.000e+00, 0.000e+00
4.210e+00, 2.741e-01, 2.415e-01, 0.000e+00, 3.000e-01, 0.000e+00, 0.000e+00, 0.000e+00
4.220e+00, 2.736e-01, 2.425e-01, 0.000e+00, 3.000e-01, 0.000e+00, 0.000e+00, 0.000e+00
4.230e+00, 2.730e-01, 2.436e-01, 0.000e+00, 3.000e-01, 0.000e+00, 0.000e+00, 0.000e+00
4.240e+00, 2.725e-01, 2.446e-01, 0.000e+00, 3.000e-01, 0.000e+00, 0.000e+00, 0.000e+00
4.250e+00, 2.719e-01, 2.456e-01, 0.000e+00, 3.000e-01, 0.000e+00, 0.000e+00, 0.000e+00
4.260e+00, 2.714e-01, 2.467e-01, 0.000e+00, 3.000e-01, 0.000e+00, 0.000e+00, 0.000e+00
4.270e+00, 2.708e-01, 2.477e-01, 0.000e+00, 3.000e-01, 0.000e+00, 0.000e+00, 0.000e+00
4.280e+00, 2.703e-01, 2.488e-01, 0.000e+00, 3.000e-01, 0.000e+00, 0.000e+00, 0.000e+00
4.290e+00, 2.698e-01, 2.498e-01, 0.000e+00, 3.000e-01, 0.000e+00, 0.000e+00, 0.000e+00
4.300e+00, 2.692e-01, 2.509e-01, 0.000e+00, 3.000e-01, 0.000e+00, 0.000e+00, 0.000e+00
4.310e+00, 2.687e-01, 2.519e-01, 0.000e+00, 3.000e-01, 0.000e+00, 0.000e+00, 0.000e+00
4.320e+00, 2.682e-01, 2.530e-01, 0.000e+00, 3.000e-01, 0.000e+00, 0.000e+00, 0.000e+00
4.330e+00, 2.677e-01, 2.540e-01, 0.000e+00, 3.000e-01, 0.000e+00, 0.000e+00, 0.000e+00
4.340e+00, 2.671e-01, 2.551e-01, 0.000e+00, 3.000e-01, 0.000e+00, 0.000e+00, 0.000e+00
4.350e+00, 2.666e-01, 2.562e-01, 0.000e+00, 3.000e-01, 0.000e+00, 0.000e+00, 0.000e+00
4.360e+00, 2.661e-01, 2.572e-01, 0.000e+00, 3.000e-01, 0.000e+00, 0.000e+00, 0.000e+00
4.370e+00, 2.656e-01, 2.583e-01, 0.000e+00, 3.000e-01, 0.000e+00, 0.000e+00, 0.000e+00
4.380e+00, 2.651e-01, 2.593e-01, 0.000e+00, 3.000e-01, 0.000e+00, 0.000e+00, 0.000e+00
4.390e+00, 2.646e-01, 2.604e-01, 0.000e+00, 3.000e-01, 0.000e+00, 0.000e+00, 0.000e+00
4.400e+00, 2.641e-01, 2.615e-01, 0.000e+00, 3.000e-01, 0.000e+00, 0.000e+00, 0.000e+00
4.410e+00, 2.636e-01, 2.625e-01, 0.000e+00, 3.000e-01, 0.000e+00, 0.000e+00, 0.000e+00
4.420e+00, 2.631e-01, 2.636e-01, 0.000e+00, 3.000e-01, 0.000e+00, 0.000e+00, 0.000e+00
4.430e+00, 2.626e-01, 2.647e-01, 0.000e+00, 3.000e-01, 0.000e+00, 0.000e+00, 0.000e+00
4.440e+00, 2.621e-01, 2.658e-01, 0.000e+00, 3.000e-01, 0.000e+00, 0.000e+00, 0.000e+00
4.450e+00, 2.616e-01, 2.668e-01, 0.000e+00, 3.000e-01, 0.000e+00, 0.000e+00, 0.000e+00
4.460e+00, 2.611e-01, 2.679e-01, 0.000e+00, 3.000e-01, 0.000e+00, 0.000e+00, 0.000e+00
4.470e+00, 2.606e-01, 2.690e-01, 0.000e+00, 3.000e-01, 0.000e+00, 0.000e+00, 0.000e+00
4.480e+00, 2.601e-01, 2.701e-01, 0.000e+00, 3.000e-01, 0.000e+00, 0.000e+00, 0.000e+00
4.490e+00, 2.596e-01, 2.712e-01, 0.000e+00, 3.000e-01, 0.000e+00, 0.000e+00, 0.000e+00
4.500e+00, 2.591e-01, 2.723e-01, 0.000e+00, 3.000e-01, 0.000e+00, 0.000e+00, 0.000e+00
4.510e+00, 2.587e-01, 2.733e-01, 0.000e+00, 3.000e-01, 0.000e+00, 0.000e+00, 0.000e+00
4.520e+00, 2.582e-01, 2.744e-01, 0.000e+00, 3.000e-01, 0.000e+00, 0.000e+00, 0.000e+00
4.530e+00, 2.577e-01, 2.755e-01, 0.000e+00, 3.000e-01, 0.000e+00, 0.000e+00, 0.000e+00
4.540e+00, 2.572e-01, 2.766e-01, 0.000e+00, 3.000e-01, 0.000e+00, 0.000e+00, 0.000e+00
4.550e+00, 2.568e-01, 2.777e-01, 0.000e+00, 3.000e-01, 0.000e+00, 0.000e+00, 0.000e+00
4.560e+00, 2.563e-01, 2.788e-01, 0.000e+00, 3.000e-01, 0.000e+00, 0.000e+00, 0.000e+00
4.570e+00, 2.558e-01, 2.799e-01, 0.000e+00, 3.000e-01, 0.000e+00, 0.000e+00, 0.000e+00
4.580e+00, 2.554e-01, 2.810e-01, 0.000e+00, 3.000e-01, 0.000e+00, 0.000e+00, 0.000e+00
4.590e+00, 2.549e-01, 2.821e-01, 0.000e+00, 3.000e-01, 0.000e+00, 0.000e+00, 0.000e+00
4.600e+00, 2.544e-01, 2.832e-01, 0.000e+00, 3.000e-01, 0.000e+00, 0.000e+00, 0.000e+00
4.610e+00, 2.540e-01, 2.843e-01, 0.000e+00, 3.000e-01, 0.000e+00, 0.000e+00, 0.000e+00
4.620e+00, 2.535e-01, 2.854e-01, 0.000e+00, 3.000e-01, 0.000e+00, 0.000e+00, 0.000e+00
4.630e+00, 2.531e-01, 2.865e-01, 0.000e+00, 3.000e-01, 0.000e+00, 0.000e+00, 0.000e+00
4.640e+00, 2.526e-01, 2.877e-01, 0.000e+00, 3.000e-01, 0.000e+00, 0.000e+00, 0.000e+00
4.650e+00, 2.522e-01, 2.888e-01, 0.000e+00, 3.000e-01, 0.000e+00, 0.000e+00, 0.000e+00
4.660e+00, 2.517e-01, 2.899e-01, 0.000e+00, 3.000e-01, 0.000e+00, 0.000e+00, 0.000e+00
4.670e+00, 2.513e-01, 2.910e-01, 0.000e+00, 3.000e-01, 0.000e+00, 0.000e+00, 0.000e+00
4.680e+00, 2.508e-01, 2.921e-01, 0.000e+00, 3.000e-01, 0.000e+00, 0.000e+00, 0.000e+00
4.690e+00, 2.504e-01, 2.932e-01, 0.000e+00, 3.000e-01, 0.000e+00, 0.000e+00, 0.000e+00
4.700e+00, 2.500e-01, 2.944e-01, 0.000e+00, 3.000e-01, 0.000e+00, 0.000e+00, 0.000e+00
4.710e+00, 2.495e-01, 2.955e-01, 0.000e+00, 3.000e-01, 0.000e+00, 0.000e+00, 0.000e+00
4.720e+00, 2.491e-01, 2.966e-01, 0.000e+00, 3.000e-01, 0.000e+00, 0.000e+00, 0.000e+00
4.730e+00, 2.487e-01, 2.977e-01, 0.000e+00, 3.000e-01, 0.000e+00, 0.000e+00, 0.000e+00
4.740e+00, 2.482e-01, 2.989e-01, 0.000e+00, 3.000e-01, 0.000e+00, 0.000e+00, 0.000e+00
4.750e+00, 2.478e-01, 3.000e-01, 0.000e+00, 3.000e-01, 0.000e+00, 0.000e+00, 0.000e+00
4.760e+00, 2.474e-01, 3.011e-01, 0.000e+00, 3.000e-01, 0.000e+00, 0.000e+00, 0.000e+00
4.770e+00, 2.470e-01, 3.023e-01, 0.000e+00, 3.000e-01, 0.000e+00, 0.000e+00, 0.000e+00
4.780e+00, 2.465e-01, 3.034e-01, 0.000e+00, 3.000e-01, 0.000e+00, 0.000e+00, 0.000e+00
4.790e+00, 2.461e-01, 3.045e-01, 0.000e+00, 3.000e-01, 0.000e+00, 0.000e+00, 0.000e+00
4.800e+00, 2.457e-01, 3.057e-01, 0.000e+00, 3.000e-01, 0.000e+00, 0.000e+00, 0.000e+00
4.810e+00, 2.453e-01, 3.068e-01, 0.000e+00, 3.000e-01, 0.000e+00, 0.000e+00, 0.000e+00
4.820e+00, 2.449e-01, 3.079e-01, 0.000e+00, 3.000e-01, 0.000e+00, 0.000e+00, 0.000e+00
4.830e+00, 2.444e-01, 3.091e-01, 0.000e+00, 3.000e-01, 0.000e+00, 0.000e+00, 0.000e+00
4.840e+00, 2.440e-01, 3.102e-01, 0.000e+00, 3.000e-01, 0.000e+00, 0.000e+00, 0.000e+00
4.850e+00, 2.436e-01, 3.114e-01, 0.000e+00, 3.000e-01, 0.000e+00, 0.000e+00, 0.000e+00
4.860e+00, 2.432e-01, 3.125e-01, 0.000e+00, 3.000e-01, 0.000e+00, 0.000e+00, 0.000e+00
4.870e+00, 2.428e-01, 3.137e-01, 0.000e+00, 3.000e-01, 0.000e+00, 0.000e+00, 0.000e+00
4.880e+00, 2.424e-01, 3.148e-01, 0.000e+00, 3.000e-01, 0.000e+00, 0.000e+00, 0.000e+00
4.890e+00, 2.420e-01, 3.160e-01, 0.000e+00, 3.000e-01, 0.000e+00, 0.000e+00, 0.000e+00
4.900e+00, 2.416e-01, 3.171e-01, 0.000e+00, 3.000e-01, 0.000e+00, 0.000e+00, 0.000e+00
4.910e+00, 2.412e-01, 3.183e-01, 0.000e+00, 3.000e-01, 0.000e+00, 0.000e+00, 0.000e+00
4.920e+00, 2.408e-01, 3.194e-01, 0.000e+00, 3.000e-01, 0.000e+00, 0.000e+00, 0.000e+00
4.930e+00, 2.404e-01, 3.206e-01, 0.000e+00, 3.000e-01, 0.000e+00, 0.000e+00, 0.000e+00
4.940e+00, 2.400e-01, 3.218e-01, 0.000e+00, 3.000e-01, 0.000e+00, 0.000e+00, 0.000e+00
4.950e+00, 2.396e-01, 3.229e-01, 0.000e+00, 3.000e-01, 0.000e+00, 0.000e+00, 0.000e+00
4.960e+00, 2.393e-01, 3.241e-01, 0.000e+00, 3.000e-01, 0.000e+00, 0.000e+00, 0.000e+00
4.970e+00, 2.389e-01, 3.253e-01, 0.000e+00, 3.000e-01, 0.000e+00, 0.000e+00, 0.000e+00
4.980e+00, 2.385e-01, 3.264e-01, 0.000e+00, 3.000e-01, 0.000e+00, 0.000e+00, 0.000e+00
4.990e+00, 2.381e-01, 3.276e-01, 0.000e+00, 3.000e-01, 0.000e+00, 0.000e+00, 0.000e+00
5.000e+00, 2.377e-01, 3.288e-01, 0.000e+00, 3.000e-01, 0.000e+00, 0.000e+00, 0.000e+00
5.010e+00, 2.373e-01, 3.299e-01, 0.000e+00, 3.000e-01, 0.000e+00, 0.000e+00, 0.000e+00
5.020e+00, 2.370e-01, 3.311e-01, 0.000e+00, 3.000e-01, 0.000e+00, 0.000e+00, 0.000e+00
5.030e+00, 2.366e-01, 3.323e-01, 0.000e+00, 3.000e-01, 0.000e+00, 0.000e+00, 0.000e+00
5.040e+00, 2.362e-01, 3.335e-01, 0.000e+00, 3.000e-01, 0.000e+00, 0.000e+00, 0.000e+00
5.050e+00, 2.358e-01, 3.346e-01, 0.000e+00, 3.000e-01, 0.000e+00, 0.000e+00, 0.000e+00
5.060e+00, 2.355e-01, 3.358e-01, 0.000e+00, 3.000e-01, 0.000e+00, 0.000e+00, 0.000e+00
5.070e+00, 2.351e-01, 3.370e-01, 0.000e+00, 3.000e-01, 0.000e+00, 0.000e+00, 0.000e+00
5.080e+00, 2.347e-01, 3.382e-01, 0.000e+00, 3.000e-01, 0.000e+00, 0.000e+00, 0.000e+00
5.090e+00, 2.344e-01, 3.394e-01, 0.000e+00, 3.000e-01, 0.000e+00, 0.000e+00, 0.000e+00
5.100e+00, 2.340e-01, 3.405e-01, 0.000e+00, 3.000e-01, 0.000e+00, 0.000e+00, 0.000e+00
5.110e+00, 2.336e-01, 3.417e-01, 0.000e+00, 3.000e-01, 0.000e+00, 0.000e+00, 0.000e+00
5.120e+00, 2.333e-01, 3.429e-01, 0.000e+00, 3.000e-01, 0.000e+00, 0.000e+00, 0.000e+00
5.130e+00, 2.329e-01, 3.441e-01, 0.000e+00, 3.000e-01, 0.000e+00, 0.000e+00, 0.000e+00
5.140e+00, 2.326e-01, 3.453e-01, 0.000e+00, 3.000e-01, 0.000e+00, 0.000e+00, 0.000e+00
5.150e+00, 2.322e-01, 3.465e-01, 0.000e+00, 3.000e-01, 0.000e+00, 0.000e+00, 0.000e+00
5.160e+00, 2.318e-01, 3.477e-01, 0.000e+00, 3.000e-01, 0.000e+00, 0.000e+00, 0.000e+00
5.170e+00, 2.315e-01, 3.489e-01, 0.000e+00, 3.000e-01, 0.000e+00, 0.000e+00, 0.000e+00
5.180e+00, 2.311e-01, 3.501e-01, 0.000e+00, 3.000e-01, 0.000e+00, 0.000e+00, 0.000e+00
5.190e+00, 2.308e-01, 3.513e-01, 0.000e+00, 3.000e-01, 0.000e+00, 0.000e+00, 0.000e+00
5.200e+00, 2.304e-01, 3.525e-01, 0.000e+00, 3.000e-01, 0.000e+00, 0.000e+00, 0.000e+00
5.210e+00, 2.301e-01, 3.537e-01, 0.000e+00, 3.000e-01, 0.000e+00, 0.000e+00, 0.000e+00
5.220e+00, 2.298e-01, 3.549e-01, 0.000e+00, 3.000e-01, 0.000e+00, 0.000e+00, 0.000e+00
5.230e+00, 2.294e-01, 3.561e-01, 0.000e+00, 3.000e-01, 0.000e+00, 0.000e+00, 0.000e+00
5.240e+00, 2.291e-01, 3.573e-01, 0.000e+00, 3.000e-01, 0.000e+00, 0.000e+00, 0.000e+00
5.250e+00, 2.287e-01, 3.585e-01, 0.000e+00, 3.000e-01, 0.000e+00, 0.000e+00, 0.000e+00
5.260e+00, 2.284e-01, 3.597e-01, 0.000e+00, 3.000e-01, 0.000e+00, 0.000e+00, 0.000e+00
5.270e+00, 2.281e-01, 3.609e-01, 0.000e+00, 3.000e-01, 0.000e+00, 0.000e+00, 0.000e+00
5.280e+00, 2.277e-01, 3.621e-01, 0.000e+00, 3.000e-01, 0.000e+00, 0.000e+00, 0.000e+00
5.290e+00, 2.274e-01, 3.633e-01, 0.000e+00, 3.000e-01, 0.000e+00, 0.000e+00, 0.000e+00
5.300e+00, 2.271e-01, 3.646e-01, 0.000e+00, 3.000e-01, 0.000e+00, 0.000e+00, 0.000e+00
5.310e+00, 2.267e-01, 3.658e-01, 0.000e+00, 3.000e-01, 0.000e+00, 0.000e+00, 0.000e+00
5.320e+00, 2.264e-01, 3.670e-01, 0.000e+00, 3.000e-01, 0.000e+00, 0.000e+00, 0.000e+00
5.330e+00, 2.261e-01, 3.682e-01, 0.000e+00, 3.000e-01, 0.000e+00, 0.000e+00, 0.000e+00
5.340e+00, 2.257e-01, 3.694e-01, 0.000e+00, 3.000e-01, 0.000e+00, 0.000e+00, 0.000e+00
5.350e+00, 2.254e-01, 3.706e-01, 0.000e+00, 3.000e-01, 0.000e+00, 0.000e+00, 0.000e+00
5.360e+00, 2.251e-01, 3.719e-01, 0.000e+00, 3.000e-01, 0.000e+00, 0.000e+00, 0.000e+00
5.370e+00, 2.248e-01, 3.731e-01, 0.000e+00, 3.000e-01, 0.000e+00, 0.000e+00, 0.000e+00
5.380e+00, 2.245e-01, 3.743e-01, 0.000e+00, 3.000e-01, 0.000e+00, 0.000e+00, 0.000e+00
5.390e+00, 2.241e-01, 3.755e-01, 0.000e+00, 3.000e-01, 0.000e+00, 0.000e+00, 0.000e+00
5.400e+00, 2.238e-01, 3.768e-01, 0.000e+00, 3.000e-01, 0.000e+00, 0.000e+00, 0.000e+00
5.410e+00, 2.235e-01, 3.780e-01, 0.000e+00, 3.000e-01, 0.000e+00, 0.000e+00, 0.000e+00
5.420e+00, 2.232e-01, 3.792e-01, 0.000e+00, 3.000e-01, 0.000e+00, 0.000e+00, 0.000e+00
5.430e+00, 2.229e-01, 3.805e-01, 0.000e+00, 3.000e-01, 0.000e+00, 0.000e+00, 0.000e+00
5.440e+00, 2.226e-01, 3.817e-01, 0.000e+00, 3.000e-01, 0.000e+00, 0.000e+00, 0.000e+00
5.450e+00, 2.223e-01, 3.829e-01, 0.000e+00, 3.000e-01, 0.000e+00, 0.000e+00, 0.000e+00
5.460e+00, 2.219e-01, 3.841e-01, 0.000e+00, 3.000e-01, 0.000e+00, 0.000e+00, 0.000e+00
5.470e+00, 2.216e-01, 3.854e-01, 0.000e+00, 3.000e-01, 0.000e+00, 0.000e+00, 0.000e+00
5.480e+00, 2.213e-01, 3.866e-01, 0.000e+00, 3.000e-01, 0.000e+00, 0.000e+00, 0.000e+00
5.490e+00, 2.210e-01, 3.879e-01, 0.000e+00, 3.000e-01, 0.000e+00, 0.000e+00, 0.000e+00
5.500e+00, 2.207e-01, 3.891e-01, 0.000e+00, 3.000e-01, 0.000e+00, 0.000e+00, 0.000e+00
5.510e+00, 2.204e-01, 3.903e-01, 0.000e+00, 3.000e-01, 0.000e+00, 0.000e+00, 0.000e+00
5.520e+00, 2.201e-01, 3.916e-01, 0.000e+00, 3.000e-01, 0.000e+00, 0.000e+00, 0.000e+00
5.530e+00, 2.198e-01, 3.928e-01, 0.000e+00, 3.000e-01, 0.000e+00, 0.000e+00, 0.000e+00
5.540e+00, 2.195e-01, 3.941e-01, 0.000e+00, 3.000e-01, 0.000e+00, 0.000e+00, 0.000e+00
5.550e+00, 2.192e-01, 3.953e-01, 0.000e+00, 3.000e-01, 0.000e+00, 0.000e+00, 0.000e+00
5.560e+00, 2.189e-01, 3.966e-01, 0.000e+00, 3.000e-01, 0.000e+00, 0.000e+00, 0.000e+00
5.570e+00, 2.186e-01, 3.978e-01, 0.000e+00, 3.000e-01, 0.000e+00, 0.000e+00, 0.000e+00
5.580e+00, 2.184e-01, 3.991e-01, 0.000e+00, 3.000e-01, 0.000e+00, 0.000e+00, 0.000e+00
5.590e+00, 2.181e-01, 4.003e-01, 0.000e+00, 3.000e-01, 0.000e+00, 0.000e+00, 0.000e+00
5.600e+00, 2.178e-01, 4.016e-01, 0.000e+00, 3.000e-01, 0.000e+00, 0.000e+00, 0.000e+00
5.610e+00, 2.175e-01, 4.028e-01, 0.000e+00, 3.000e-01, 0.000e+00, 0.000e+00, 0.000e+00
5.620e+00, 2.172e-01, 4.041e-01, 0.000e+00, 3.000e-01, 0.000e+00, 0.000e+00, 0.000e+00
5.630e+00, 2.169e-01, 4.053e-01, 0.000e+00, 3.000e-01, 0.000e+00, 0.000e+00, 0.000e+00
5.640e+00, 2.166e-01, 4.066e-01, 0.000e+00, 3.000e-01, 0.000e+00, 0.000e+00, 0.000e+00
5.650e+00, 2.164e-01, 4.078e-01, 0.000e+00, 3.000e-01, 0.000e+00, 0.000e+00, 0.000e+00
5.660e+00, 2.161e-01, 4.091e-01, 0.000e+00, 3.000e-01, 0.000e+00, 0.000e+00, 0.000e+00
5.670e+00, 2.158e-01, 4.103e-01, 0.000e+00, 3.000e-01, 0.000e+00, 0.000e+00, 0.000e+00
5.680e+00, 2.155e-01, 4.116e-01, 0.000e+00, 3.000e-01, 0.000e+00, 0.000e+00, 0.000e+00
5.690e+00, 2.152e-01, 4.129e-01, 0.000e+00, 3.000e-01, 0.000e+00, 0.000e+00, 0.000e+00
5.700e+00, 2.150e-01, 4.141e-01, 0.000e+00, 3.000e-01, 0.000e+00, 0.000e+00, 0.000e+00
5.710e+00, 2.147e-01, 4.154e-01, 0.000e+00, 3.000e-01, 0.000e+00, 0.000e+00, 0.000e+00
5.720e+00, 2.144e-01, 4.167e-01, 0.000e+00, 3.000e-01, 0.000e+00, 0.000e+00, 0.000e+00
5.730e+00, 2.141e-01, 4.179e-01, 0.000e+00, 3.000e-01, 0.000e+00, 0.000e+00, 0.000e+00
5.740e+00, 2.139e-01, 4.192e-01, 0.000e+00, 3.000e-01, 0.000e+00, 0.000e+00, 0.000e+00
5.750e+00, 2.136e-01, 4.205e-01, 0.000e+00, 3.000e-01, 0.000e+00, 0.000e+00, 0.000e+00
5.760e+00, 2.133e-01, 4.217e-01, 0.000e+00, 3.000e-01, 0.000e+00, 0.000e+00, 0.000e+00
5.770e+00, 2.131e-01, 4.230e-01, 0.000e+00, 3.000e-01, 0.000e+00, 0.000e+00, 0.000e+00
5.780e+00, 2.128e-01, 4.243e-01, 0.000e+00, 3.000e-01, 0.000e+00, 0.000e+00, 0.000e+00
5.790e+00, 2.125e-01, 4.255e-01, 0.000e+00, 3.000e-01, 0.000e+00, 0.000e+00, 0.000e+00
5.800e+00, 2.123e-01, 4.268e-01, 0.000e+00, 3.000e-01, 0.000e+00, 0.000e+00, 0.000e+00
5.810e+00, 2.120e-01, 4.281e-01, 0.000e+00, 3.000e-01, 0.000e+00, 0.000e+00, 0.000e+00
5.820e+00, 2.117e-01, 4.294e-01, 0.000e+00, 3.000e-01, 0.000e+00, 0.000e+00, 0.000e+00
5.830e+00, 2.115e-01, 4.306e-01, 0.000e+00, 3.000e-01, 0.000e+00, 0.000e+00, 0.000e+00
5.840e+00, 2.112e-01, 4.319e-01, 0.000e+00, 3.000e-01, 0.000e+00, 0.000e+00, 0.000e+00
5.850e+00, 2.110e-01, 4.332e-01, 0.000e+00, 3.000e-01, 0.000e+00, 0.000e+00, 0.000e+00
5.860e+00, 2.107e-01, 4.345e-01, 0.000e+00, 3.000e-01, 0.000e+00, 0.000e+00, 0.000e+00
5.870e+00, 2.105e-01, 4.357e-01, 0.000e+00, 3.000e-01, 0.000e+00, 0.000e+00, 0.000e+00
5.880e+00, 2.102e-01, 4.370e-01, 0.000e+00, 3.000e-01, 0.000e+00, 0.000e+00, 0.000e+00
5.890e+00, 2.100e-01, 4.383e-01, 0.000e+00, 3.000e-01, 0.000e+00, 0.000e+00, 0.000e+00
5.900e+00, 2.097e-01, 4.396e-01, 0.000e+00, 3.000e-01, 0.000e+00, 0.000e+00, 0.000e+00
5.910e+00, 2.095e-01, 4.408e-01, 0.000e+00, 3.000e-01, 0.000e+00, 0.000e+00, 0.000e+00
5.920e+00, 2.092e-01, 4.421e-01, 0.000e+00, 3.000e-01, 0.000e+00, 0.000e+00, 0.000e+00
5.930e+00, 2.090e-01, 4.434e-01, 0.000e+00, 3.000e-01, 0.000e+00, 0.000e+00, 0.000e+00
5.940e+00, 2.087e-01, 4.447e-01, 0.000e+00, 3.000e-01, 0.000e+00, 0.000e+00, 0.000e+00
5.950e+00, 2.085e-01, 4.459e-01, 0.000e+00, 3.000e-01, 0.000e+00, 0.000e+00, 0.000e+00
5.960e+00, 2.082e-01, 4.472e-01, 0.000e+00, 3.000e-01, 0.000e+00, 0.000e+00, 0.000e+00
5.970e+00, 2.080e-01, 4.485e-01, 0.000e+00, 3.000e-01, 0.000e+00, 0.000e+00, 0.000e+00
5.980e+00, 2.078e-01, 4.498e-01, 0.000e+00, 3.000e-01, 0.000e+00, 0.000e+00, 0.000e+00
5.990e+00, 2.075e-01, 4.511e-01, 0.000e+00, 3.000e-01, 0.000e+00, 0.000e+00, 0.000e+00
6.000e+00, 2.073e-01, 4.523e-01, 0.000e+00, 3.000e-01, 0.000e+00, 0.000e+00, 0.000e+00
