 # Time,   Mach,     alfa,     beta,     Cd,     CL_alfa,     Cn_p_alfa,     Cn_q_alfa 
1.000e-02, 2.793e+00, 1.024e-04, 0.000e+00, 5.500e-01, 0.000e+00, 0.000e+00, 0.000e+00
2.000e-02, 2.678e+00, 2.119e-04, 0.000e+00, 5.500e-01, 0.000e+00, 0.000e+00, 0.000e+00
3.000e-02, 2.579e+00, 3.187e-04, 0.000e+00, 5.500e-01, 0.000e+00, 0.000e+00, 0.000e+00
4.000e-02, 2.476e+00, 4.446e-04, 0.000e+00, 5.500e-01, 0.000e+00, 0.000e+00, 0.000e+00
5.000e-02, 2.398e+00, 5.495e-04, 0.000e+00, 5.500e-01, 0.000e+00, 0.000e+00, 0.000e+00
6.000e-02, 2.321e+00, 6.643e-04, 0.000e+00, 5.500e-01, 0.000e+00, 0.000e+00, 0.000e+00
7.000e-02, 2.242e+00, 7.946e-04, 0.000e+00, 5.500e-01, 0.000e+00, 0.000e+00, 0.000e+00
8.000e-02, 2.176e+00, 9.144e-04, 0.000e+00, 5.500e-01, 0.000e+00, 0.000e+00, 0.000e+00
9.000e-02, 2.107e+00, 1.052e-03, 0.000e+00, 5.500e-01, 0.000e+00, 0.000e+00, 0.000e+00
1.000e-01, 2.042e+00, 1.195e-03, 0.000e+00, 5.500e-01, 0.000e+00, 0.000e+00, 0.000e+00
1.100e-01, 1.982e+00, 1.341e-03, 0.000e+00, 5.500e-01, 0.000e+00, 0.000e+00, 0.000e+00
1.200e-01, 1.931e+00, 1.473e-03, 0.000e+00, 5.500e-01, 0.000e+00, 0.000e+00, 0.000e+00
1.300e-01, 1.877e+00, 1.627e-03, 0.000e+00, 5.500e-01, 0.000e+00, 0.000e+00, 0.000e+00
1.400e-01, 1.826e+00, 1.785e-03, 0.000e+00, 5.500e-01, 0.000e+00, 0.000e+00, 0.000e+00
1.500e-01, 1.777e+00, 1.948e-03, 0.000e+00, 5.500e-01, 0.000e+00, 0.000e+00, 0.000e+00
1.600e-01, 1.731e+00, 2.115e-03, 0.000e+00, 5.499e-01, 0.000e+00, 0.000e+00, 0.000e+00
1.700e-01, 1.693e+00, 2.262e-03, 0.000e+00, 5.499e-01, 0.000e+00, 0.000e+00, 0.000e+00
1.800e-01, 1.652e+00, 2.437e-03, 0.000e+00, 5.499e-01, 0.000e+00, 0.000e+00, 0.000e+00
1.900e-01, 1.612e+00, 2.616e-03, 0.000e+00, 5.498e-01, 0.000e+00, 0.000e+00, 0.000e+00
2.000e-01, 1.574e+00, 2.800e-03, 0.000e+00, 5.497e-01, 0.000e+00, 0.000e+00, 0.000e+00
2.100e-01, 1.538e+00, 2.988e-03, 0.000e+00, 5.496e-01, 0.000e+00, 0.000e+00, 0.000e+00
2.200e-01, 1.504e+00, 3.180e-03, 0.000e+00, 5.494e-01, 0.000e+00, 0.000e+00, 0.000e+00
2.300e-01, 1.476e+00, 3.344e-03, 0.000e+00, 5.492e-01, 0.000e+00, 0.000e+00, 0.000e+00
2.400e-01, 1.444e+00, 3.544e-03, 0.000e+00, 5.489e-01, 0.000e+00, 0.000e+00, 0.000e+00
2.500e-01, 1.414e+00, 3.749e-03, 0.000e+00, 5.485e-01, 0.000e+00, 0.000e+00, 0.000e+00
2.600e-01, 1.385e+00, 3.958e-03, 0.000e+00, 5.481e-01, 0.000e+00, 0.000e+00, 0.000e+00
2.700e-01, 1.357e+00, 4.172e-03, 0.000e+00, 5.474e-01, 0.000e+00, 0.000e+00, 0.000e+00
2.800e-01, 1.331e+00, 4.378e-03, 0.000e+00, 5.467e-01, 0.000e+00, 0.000e+00, 0.000e+00
2.900e-01, 1.306e+00, 4.599e-03, 0.000e+00, 5.457e-01, 0.000e+00, 0.000e+00, 0.000e+00
3.000e-01, 1.281e+00, 4.826e-03, 0.000e+00, 5.446e-01, 0.000e+00, 0.000e+00, 0.000e+00
3.100e-01, 1.258e+00, 5.048e-03, 0.000e+00, 5.432e-01, 0.000e+00, 0.000e+00, 0.000e+00
3.200e-01, 1.235e+00, 5.277e-03, 0.000e+00, 5.416e-01, 0.000e+00, 0.000e+00, 0.000e+00
3.300e-01, 1.217e+00, 5.481e-03, 0.000e+00, 5.399e-01, 0.000e+00, 0.000e+00, 0.000e+00
3.400e-01, 1.196e+00, 5.719e-03, 0.000e+00, 5.377e-01, 0.000e+00, 0.000e+00, 0.000e+00
3.500e-01, 1.176e+00, 5.963e-03, 0.000e+00, 5.350e-01, 0.000e+00, 0.000e+00, 0.000e+00
3.600e-01, 1.156e+00, 6.212e-03, 0.000e+00, 5.320e-01, 0.000e+00, 0.000e+00, 0.000e+00
3.700e-01, 1.135e+00, 6.498e-03, 0.000e+00, 5.282e-01, 0.000e+00, 0.000e+00, 0.000e+00
3.800e-01, 1.120e+00, 6.703e-03, 0.000e+00, 5.252e-01, 0.000e+00, 0.000e+00, 0.000e+00
3.900e-01, 1.102e+00, 6.983e-03, 0.000e+00, 5.207e-01, 0.000e+00, 0.000e+00, 0.000e+00
4.000e-01, 1.085e+00, 7.246e-03, 0.000e+00, 5.161e-01, 0.000e+00, 0.000e+00, 0.000e+00
4.100e-01, 1.070e+00, 7.509e-03, 0.000e+00, 5.112e-01, 0.000e+00, 0.000e+00, 0.000e+00
4.200e-01, 1.055e+00, 7.774e-03, 0.000e+00, 5.061e-01, 0.000e+00, 0.000e+00, 0.000e+00
4.300e-01, 1.040e+00, 8.051e-03, 0.000e+00, 5.004e-01, 0.000e+00, 0.000e+00, 0.000e+00
4.400e-01, 1.026e+00, 8.316e-03, 0.000e+00, 4.948e-01, 0.000e+00, 0.000e+00, 0.000e+00
4.500e-01, 1.013e+00, 8.597e-03, 0.000e+00, 4.888e-01, 0.000e+00, 0.000e+00, 0.000e+00
4.600e-01, 9.994e-01, 8.884e-03, 0.000e+00, 4.825e-01, 0.000e+00, 0.000e+00, 0.000e+00
4.700e-01, 9.867e-01, 9.176e-03, 0.000e+00, 4.760e-01, 0.000e+00, 0.000e+00, 0.000e+00
4.800e-01, 9.745e-01, 9.472e-03, 0.000e+00, 4.695e-01, 0.000e+00, 0.000e+00, 0.000e+00
4.900e-01, 9.626e-01, 9.775e-03, 0.000e+00, 4.629e-01, 0.000e+00, 0.000e+00, 0.000e+00
5.000e-01, 9.509e-01, 1.009e-02, 0.000e+00, 4.562e-01, 0.000e+00, 0.000e+00, 0.000e+00
5.100e-01, 9.398e-01, 1.040e-02, 0.000e+00, 4.495e-01, 0.000e+00, 0.000e+00, 0.000e+00
5.200e-01, 9.300e-01, 1.069e-02, 0.000e+00, 4.436e-01, 0.000e+00, 0.000e+00, 0.000e+00
5.300e-01, 9.200e-01, 1.100e-02, 0.000e+00, 4.375e-01, 0.000e+00, 0.000e+00, 0.000e+00
5.400e-01, 9.105e-01, 1.130e-02, 0.000e+00, 4.315e-01, 0.000e+00, 0.000e+00, 0.000e+00
5.500e-01, 9.012e-01, 1.162e-02, 0.000e+00, 4.257e-01, 0.000e+00, 0.000e+00, 0.000e+00
5.600e-01, 8.922e-01, 1.194e-02, 0.000e+00, 4.201e-01, 0.000e+00, 0.000e+00, 0.000e+00
5.700e-01, 8.833e-01, 1.226e-02, 0.000e+00, 4.146e-01, 0.000e+00, 0.000e+00, 0.000e+00
5.800e-01, 8.748e-01, 1.259e-02, 0.000e+00, 4.093e-01, 0.000e+00, 0.000e+00, 0.000e+00
5.900e-01, 8.664e-01, 1.293e-02, 0.000e+00, 4.042e-01, 0.000e+00, 0.000e+00, 0.000e+00
6.000e-01, 8.583e-01, 1.327e-02, 0.000e+00, 3.993e-01, 0.000e+00, 0.000e+00, 0.000e+00
6.100e-01, 8.503e-01, 1.361e-02, 0.000e+00, 3.946e-01, 0.000e+00, 0.000e+00, 0.000e+00
6.200e-01, 8.427e-01, 1.396e-02, 0.000e+00, 3.901e-01, 0.000e+00, 0.000e+00, 0.000e+00
6.300e-01, 8.377e-01, 1.419e-02, 0.000e+00, 3.873e-01, 0.000e+00, 0.000e+00, 0.000e+00
6.400e-01, 8.304e-01, 1.454e-02, 0.000e+00, 3.832e-01, 0.000e+00, 0.000e+00, 0.000e+00
6.500e-01, 8.234e-01, 1.489e-02, 0.000e+00, 3.793e-01, 0.000e+00, 0.000e+00, 0.000e+00
6.600e-01, 8.165e-01, 1.525e-02, 0.000e+00, 3.757e-01, 0.000e+00, 0.000e+00, 0.000e+00
6.700e-01, 8.098e-01, 1.561e-02, 0.000e+00, 3.722e-01, 0.000e+00, 0.000e+00, 0.000e+00
6.800e-01, 8.037e-01, 1.595e-02, 0.000e+00, 3.691e-01, 0.000e+00, 0.000e+00, 0.000e+00
6.900e-01, 7.974e-01, 1.631e-02, 0.000e+00, 3.659e-01, 0.000e+00, 0.000e+00, 0.000e+00
7.000e-01, 7.908e-01, 1.669e-02, 0.000e+00, 3.628e-01, 0.000e+00, 0.000e+00, 0.000e+00
7.100e-01, 7.848e-01, 1.706e-02, 0.000e+00, 3.600e-01, 0.000e+00, 0.000e+00, 0.000e+00
7.200e-01, 7.789e-01, 1.743e-02, 0.000e+00, 3.574e-01, 0.000e+00, 0.000e+00, 0.000e+00
7.300e-01, 7.732e-01, 1.780e-02, 0.000e+00, 3.549e-01, 0.000e+00, 0.000e+00, 0.000e+00
7.400e-01, 7.675e-01, 1.817e-02, 0.000e+00, 3.525e-01, 0.000e+00, 0.000e+00, 0.000e+00
7.500e-01, 7.620e-01, 1.855e-02, 0.000e+00, 3.502e-01, 0.000e+00, 0.000e+00, 0.000e+00
7.600e-01, 7.566e-01, 1.894e-02, 0.000e+00, 3.481e-01, 0.000e+00, 0.000e+00, 0.000e+00
7.700e-01, 7.512e-01, 1.932e-02, 0.000e+00, 3.461e-01, 0.000e+00, 0.000e+00, 0.000e+00
7.800e-01, 7.460e-01, 1.971e-02, 0.000e+00, 3.441e-01, 0.000e+00, 0.000e+00, 0.000e+00
7.900e-01, 7.409e-01, 2.010e-02, 0.000e+00, 3.423e-01, 0.000e+00, 0.000e+00, 0.000e+00
8.000e-01, 7.358e-01, 2.049e-02, 0.000e+00, 3.406e-01, 0.000e+00, 0.000e+00, 0.000e+00
8.100e-01, 7.309e-01, 2.089e-02, 0.000e+00, 3.389e-01, 0.000e+00, 0.000e+00, 0.000e+00
8.200e-01, 7.260e-01, 2.129e-02, 0.000e+00, 3.373e-01, 0.000e+00, 0.000e+00, 0.000e+00
8.300e-01, 7.213e-01, 2.169e-02, 0.000e+00, 3.358e-01, 0.000e+00, 0.000e+00, 0.000e+00
8.400e-01, 7.166e-01, 2.210e-02, 0.000e+00, 3.344e-01, 0.000e+00, 0.000e+00, 0.000e+00
8.500e-01, 7.120e-01, 2.251e-02, 0.000e+00, 3.331e-01, 0.000e+00, 0.000e+00, 0.000e+00
8.600e-01, 7.093e-01, 2.275e-02, 0.000e+00, 3.323e-01, 0.000e+00, 0.000e+00, 0.000e+00
8.700e-01, 7.048e-01, 2.316e-02, 0.000e+00, 3.311e-01, 0.000e+00, 0.000e+00, 0.000e+00
8.800e-01, 7.004e-01, 2.357e-02, 0.000e+00, 3.299e-01, 0.000e+00, 0.000e+00, 0.000e+00
8.900e-01, 6.961e-01, 2.398e-02, 0.000e+00, 3.288e-01, 0.000e+00, 0.000e+00, 0.000e+00
9.000e-01, 6.918e-01, 2.440e-02, 0.000e+00, 3.277e-01, 0.000e+00, 0.000e+00, 0.000e+00
9.100e-01, 6.876e-01, 2.482e-02, 0.000e+00, 3.267e-01, 0.000e+00, 0.000e+00, 0.000e+00
9.200e-01, 6.835e-01, 2.525e-02, 0.000e+00, 3.257e-01, 0.000e+00, 0.000e+00, 0.000e+00
9.300e-01, 6.794e-01, 2.567e-02, 0.000e+00, 3.248e-01, 0.000e+00, 0.000e+00, 0.000e+00
9.400e-01, 6.754e-01, 2.610e-02, 0.000e+00, 3.239e-01, 0.000e+00, 0.000e+00, 0.000e+00
9.500e-01, 6.714e-01, 2.653e-02, 0.000e+00, 3.231e-01, 0.000e+00, 0.000e+00, 0.000e+00
9.600e-01, 6.675e-01, 2.697e-02, 0.000e+00, 3.223e-01, 0.000e+00, 0.000e+00, 0.000e+00
9.700e-01, 6.637e-01, 2.740e-02, 0.000e+00, 3.215e-01, 0.000e+00, 0.000e+00, 0.000e+00
9.800e-01, 6.607e-01, 2.775e-02, 0.000e+00, 3.209e-01, 0.000e+00, 0.000e+00, 0.000e+00
9.900e-01, 6.569e-01, 2.819e-02, 0.000e+00, 3.202e-01, 0.000e+00, 0.000e+00, 0.000e+00
1.000e+00, 6.532e-01, 2.863e-02, 0.000e+00, 3.195e-01, 0.000e+00, 0.000e+00, 0.000e+00
1.010e+00, 6.496e-01, 2.908e-02, 0.000e+00, 3.189e-01, 0.000e+00, 0.000e+00, 0.000e+00
1.020e+00, 6.460e-01, 2.952e-02, 0.000e+00, 3.183e-01, 0.000e+00, 0.000e+00, 0.000e+00
1.030e+00, 6.424e-01, 2.997e-02, 0.000e+00, 3.177e-01, 0.000e+00, 0.000e+00, 0.000e+00
1.040e+00, 6.389e-01, 3.042e-02, 0.000e+00, 3.171e-01, 0.000e+00, 0.000e+00, 0.000e+00
1.050e+00, 6.355e-01, 3.088e-02, 0.000e+00, 3.166e-01, 0.000e+00, 0.000e+00, 0.000e+00
1.060e+00, 6.320e-01, 3.133e-02, 0.000e+00, 3.160e-01, 0.000e+00, 0.000e+00, 0.000e+00
1.070e+00, 6.287e-01, 3.179e-02, 0.000e+00, 3.155e-01, 0.000e+00, 0.000e+00, 0.000e+00
1.080e+00, 6.253e-01, 3.225e-02, 0.000e+00, 3.151e-01, 0.000e+00, 0.000e+00, 0.000e+00
1.090e+00, 6.220e-01, 3.272e-02, 0.000e+00, 3.146e-01, 0.000e+00, 0.000e+00, 0.000e+00
1.100e+00, 6.188e-01, 3.318e-02, 0.000e+00, 3.142e-01, 0.000e+00, 0.000e+00, 0.000e+00
1.110e+00, 6.156e-01, 3.365e-02, 0.000e+00, 3.137e-01, 0.000e+00, 0.000e+00, 0.000e+00
1.120e+00, 6.124e-01, 3.412e-02, 0.000e+00, 3.133e-01, 0.000e+00, 0.000e+00, 0.000e+00
1.130e+00, 6.092e-01, 3.460e-02, 0.000e+00, 3.129e-01, 0.000e+00, 0.000e+00, 0.000e+00
1.140e+00, 6.061e-01, 3.507e-02, 0.000e+00, 3.126e-01, 0.000e+00, 0.000e+00, 0.000e+00
1.150e+00, 6.031e-01, 3.555e-02, 0.000e+00, 3.122e-01, 0.000e+00, 0.000e+00, 0.000e+00
1.160e+00, 6.000e-01, 3.603e-02, 0.000e+00, 3.119e-01, 0.000e+00, 0.000e+00, 0.000e+00
1.170e+00, 5.978e-01, 3.639e-02, 0.000e+00, 3.116e-01, 0.000e+00, 0.000e+00, 0.000e+00
1.180e+00, 5.948e-01, 3.688e-02, 0.000e+00, 3.113e-01, 0.000e+00, 0.000e+00, 0.000e+00
1.190e+00, 5.919e-01, 3.736e-02, 0.000e+00, 3.110e-01, 0.000e+00, 0.000e+00, 0.000e+00
1.200e+00, 5.890e-01, 3.785e-02, 0.000e+00, 3.107e-01, 0.000e+00, 0.000e+00, 0.000e+00
1.210e+00, 5.861e-01, 3.834e-02, 0.000e+00, 3.104e-01, 0.000e+00, 0.000e+00, 0.000e+00
1.220e+00, 5.832e-01, 3.884e-02, 0.000e+00, 3.101e-01, 0.000e+00, 0.000e+00, 0.000e+00
1.230e+00, 5.804e-01, 3.933e-02, 0.000e+00, 3.098e-01, 0.000e+00, 0.000e+00, 0.000e+00
1.240e+00, 5.777e-01, 3.983e-02, 0.000e+00, 3.096e-01, 0.000e+00, 0.000e+00, 0.000e+00
1.250e+00, 5.749e-01, 4.033e-02, 0.000e+00, 3.093e-01, 0.000e+00, 0.000e+00, 0.000e+00
1.260e+00, 5.722e-01, 4.083e-02, 0.000e+00, 3.091e-01, 0.000e+00, 0.000e+00, 0.000e+00
1.270e+00, 5.695e-01, 4.134e-02, 0.000e+00, 3.088e-01, 0.000e+00, 0.000e+00, 0.000e+00
1.280e+00, 5.668e-01, 4.184e-02, 0.000e+00, 3.086e-01, 0.000e+00, 0.000e+00, 0.000e+00
1.290e+00, 5.642e-01, 4.235e-02, 0.000e+00, 3.084e-01, 0.000e+00, 0.000e+00, 0.000e+00
1.300e+00, 5.615e-01, 4.287e-02, 0.000e+00, 3.082e-01, 0.000e+00, 0.000e+00, 0.000e+00
1.310e+00, 5.589e-01, 4.338e-02, 0.000e+00, 3.080e-01, 0.000e+00, 0.000e+00, 0.000e+00
1.320e+00, 5.564e-01, 4.390e-02, 0.000e+00, 3.078e-01, 0.000e+00, 0.000e+00, 0.000e+00
1.330e+00, 5.538e-01, 4.442e-02, 0.000e+00, 3.076e-01, 0.000e+00, 0.000e+00, 0.000e+00
1.340e+00, 5.513e-01, 4.494e-02, 0.000e+00, 3.074e-01, 0.000e+00, 0.000e+00, 0.000e+00
1.350e+00, 5.488e-01, 4.546e-02, 0.000e+00, 3.072e-01, 0.000e+00, 0.000e+00, 0.000e+00
1.360e+00, 5.464e-01, 4.599e-02, 0.000e+00, 3.071e-01, 0.000e+00, 0.000e+00, 0.000e+00
1.370e+00, 5.439e-01, 4.652e-02, 0.000e+00, 3.069e-01, 0.000e+00, 0.000e+00, 0.000e+00
1.380e+00, 5.415e-01, 4.705e-02, 0.000e+00, 3.067e-01, 0.000e+00, 0.000e+00, 0.000e+00
1.390e+00, 5.391e-01, 4.758e-02, 0.000e+00, 3.066e-01, 0.000e+00, 0.000e+00, 0.000e+00
1.400e+00, 5.367e-01, 4.812e-02, 0.000e+00, 3.064e-01, 0.000e+00, 0.000e+00, 0.000e+00
1.410e+00, 5.344e-01, 4.866e-02, 0.000e+00, 3.063e-01, 0.000e+00, 0.000e+00, 0.000e+00
1.420e+00, 5.320e-01, 4.920e-02, 0.000e+00, 3.062e-01, 0.000e+00, 0.000e+00, 0.000e+00
1.430e+00, 5.297e-01, 4.974e-02, 0.000e+00, 3.060e-01, 0.000e+00, 0.000e+00, 0.000e+00
1.440e+00, 5.274e-01, 5.029e-02, 0.000e+00, 3.059e-01, 0.000e+00, 0.000e+00, 0.000e+00
1.450e+00, 5.252e-01, 5.083e-02, 0.000e+00, 3.058e-01, 0.000e+00, 0.000e+00, 0.000e+00
1.460e+00, 5.229e-01, 5.138e-02, 0.000e+00, 3.056e-01, 0.000e+00, 0.000e+00, 0.000e+00
1.470e+00, 5.207e-01, 5.194e-02, 0.000e+00, 3.055e-01, 0.000e+00, 0.000e+00, 0.000e+00
1.480e+00, 5.185e-01, 5.249e-02, 0.000e+00, 3.054e-01, 0.000e+00, 0.000e+00, 0.000e+00
1.490e+00, 5.163e-01, 5.305e-02, 0.000e+00, 3.053e-01, 0.000e+00, 0.000e+00, 0.000e+00
1.500e+00, 5.141e-01, 5.361e-02, 0.000e+00, 3.052e-01, 0.000e+00, 0.000e+00, 0.000e+00
1.510e+00, 5.120e-01, 5.417e-02, 0.000e+00, 3.051e-01, 0.000e+00, 0.000e+00, 0.000e+00
1.520e+00, 5.099e-01, 5.473e-02, 0.000e+00, 3.050e-01, 0.000e+00, 0.000e+00, 0.000e+00
1.530e+00, 5.077e-01, 5.530e-02, 0.000e+00, 3.049e-01, 0.000e+00, 0.000e+00, 0.000e+00
1.540e+00, 5.064e-01, 5.567e-02, 0.000e+00, 3.048e-01, 0.000e+00, 0.000e+00, 0.000e+00
1.550e+00, 5.043e-01, 5.624e-02, 0.000e+00, 3.047e-01, 0.000e+00, 0.000e+00, 0.000e+00
1.560e+00, 5.022e-01, 5.681e-02, 0.000e+00, 3.046e-01, 0.000e+00, 0.000e+00, 0.000e+00
1.570e+00, 5.002e-01, 5.738e-02, 0.000e+00, 3.045e-01, 0.000e+00, 0.000e+00, 0.000e+00
1.580e+00, 4.982e-01, 5.796e-02, 0.000e+00, 3.044e-01, 0.000e+00, 0.000e+00, 0.000e+00
1.590e+00, 4.962e-01, 5.854e-02, 0.000e+00, 3.043e-01, 0.000e+00, 0.000e+00, 0.000e+00
1.600e+00, 4.942e-01, 5.912e-02, 0.000e+00, 3.042e-01, 0.000e+00, 0.000e+00, 0.000e+00
1.610e+00, 4.922e-01, 5.970e-02, 0.000e+00, 3.042e-01, 0.000e+00, 0.000e+00, 0.000e+00
1.620e+00, 4.902e-01, 6.029e-02, 0.000e+00, 3.041e-01, 0.000e+00, 0.000e+00, 0.000e+00
1.630e+00, 4.883e-01, 6.087e-02, 0.000e+00, 3.040e-01, 0.000e+00, 0.000e+00, 0.000e+00
1.640e+00, 4.864e-01, 6.146e-02, 0.000e+00, 3.039e-01, 0.000e+00, 0.000e+00, 0.000e+00
1.650e+00, 4.845e-01, 6.205e-02, 0.000e+00, 3.039e-01, 0.000e+00, 0.000e+00, 0.000e+00
1.660e+00, 4.826e-01, 6.265e-02, 0.000e+00, 3.038e-01, 0.000e+00, 0.000e+00, 0.000e+00
1.670e+00, 4.807e-01, 6.325e-02, 0.000e+00, 3.037e-01, 0.000e+00, 0.000e+00, 0.000e+00
1.680e+00, 4.788e-01, 6.384e-02, 0.000e+00, 3.037e-01, 0.000e+00, 0.000e+00, 0.000e+00
1.690e+00, 4.770e-01, 6.445e-02, 0.000e+00, 3.036e-01, 0.000e+00, 0.000e+00, 0.000e+00
1.700e+00, 4.751e-01, 6.505e-02, 0.000e+00, 3.035e-01, 0.000e+00, 0.000e+00, 0.000e+00
1.710e+00, 4.733e-01, 6.566e-02, 0.000e+00, 3.035e-01, 0.000e+00, 0.000e+00, 0.000e+00
1.720e+00, 4.715e-01, 6.626e-02, 0.000e+00, 3.034e-01, 0.000e+00, 0.000e+00, 0.000e+00
1.730e+00, 4.697e-01, 6.687e-02, 0.000e+00, 3.033e-01, 0.000e+00, 0.000e+00, 0.000e+00
1.740e+00, 4.679e-01, 6.749e-02, 0.000e+00, 3.033e-01, 0.000e+00, 0.000e+00, 0.000e+00
1.750e+00, 4.662e-01, 6.810e-02, 0.000e+00, 3.032e-01, 0.000e+00, 0.000e+00, 0.000e+00
1.760e+00, 4.644e-01, 6.872e-02, 0.000e+00, 3.032e-01, 0.000e+00, 0.000e+00, 0.000e+00
1.770e+00, 4.627e-01, 6.934e-02, 0.000e+00, 3.031e-01, 0.000e+00, 0.000e+00, 0.000e+00
1.780e+00, 4.610e-01, 6.996e-02, 0.000e+00, 3.031e-01, 0.000e+00, 0.000e+00, 0.000e+00
1.790e+00, 4.593e-01, 7.059e-02, 0.000e+00, 3.030e-01, 0.000e+00, 0.000e+00, 0.000e+00
1.800e+00, 4.576e-01, 7.121e-02, 0.000e+00, 3.030e-01, 0.000e+00, 0.000e+00, 0.000e+00
1.810e+00, 4.559e-01, 7.184e-02, 0.000e+00, 3.029e-01, 0.000e+00, 0.000e+00, 0.000e+00
1.820e+00, 4.542e-01, 7.247e-02, 0.000e+00, 3.029e-01, 0.000e+00, 0.000e+00, 0.000e+00
1.830e+00, 4.526e-01, 7.311e-02, 0.000e+00, 3.028e-01, 0.000e+00, 0.000e+00, 0.000e+00
1.840e+00, 4.509e-01, 7.374e-02, 0.000e+00, 3.028e-01, 0.000e+00, 0.000e+00, 0.000e+00
1.850e+00, 4.493e-01, 7.438e-02, 0.000e+00, 3.027e-01, 0.000e+00, 0.000e+00, 0.000e+00
1.860e+00, 4.477e-01, 7.502e-02, 0.000e+00, 3.027e-01, 0.000e+00, 0.000e+00, 0.000e+00
1.870e+00, 4.461e-01, 7.567e-02, 0.000e+00, 3.026e-01, 0.000e+00, 0.000e+00, 0.000e+00
1.880e+00, 4.445e-01, 7.631e-02, 0.000e+00, 3.026e-01, 0.000e+00, 0.000e+00, 0.000e+00
1.890e+00, 4.429e-01, 7.696e-02, 0.000e+00, 3.026e-01, 0.000e+00, 0.000e+00, 0.000e+00
1.900e+00, 4.413e-01, 7.761e-02, 0.000e+00, 3.025e-01, 0.000e+00, 0.000e+00, 0.000e+00
1.910e+00, 4.397e-01, 7.826e-02, 0.000e+00, 3.025e-01, 0.000e+00, 0.000e+00, 0.000e+00
1.920e+00, 4.382e-01, 7.892e-02, 0.000e+00, 3.024e-01, 0.000e+00, 0.000e+00, 0.000e+00
1.930e+00, 4.367e-01, 7.957e-02, 0.000e+00, 3.024e-01, 0.000e+00, 0.000e+00, 0.000e+00
1.940e+00, 4.351e-01, 8.023e-02, 0.000e+00, 3.024e-01, 0.000e+00, 0.000e+00, 0.000e+00
1.950e+00, 4.336e-01, 8.089e-02, 0.000e+00, 3.023e-01, 0.000e+00, 0.000e+00, 0.000e+00
1.960e+00, 4.321e-01, 8.156e-02, 0.000e+00, 3.023e-01, 0.000e+00, 0.000e+00, 0.000e+00
1.970e+00, 4.306e-01, 8.222e-02, 0.000e+00, 3.023e-01, 0.000e+00, 0.000e+00, 0.000e+00
1.980e+00, 4.291e-01, 8.289e-02, 0.000e+00, 3.022e-01, 0.000e+00, 0.000e+00, 0.000e+00
1.990e+00, 4.276e-01, 8.356e-02, 0.000e+00, 3.022e-01, 0.000e+00, 0.000e+00, 0.000e+00
2.000e+00, 4.262e-01, 8.424e-02, 0.000e+00, 3.022e-01, 0.000e+00, 0.000e+00, 0.000e+00
2.010e+00, 4.247e-01, 8.491e-02, 0.000e+00, 3.021e-01, 0.000e+00, 0.000e+00, 0.000e+00
2.020e+00, 4.233e-01, 8.559e-02, 0.000e+00, 3.021e-01, 0.000e+00, 0.000e+00, 0.000e+00
2.030e+00, 4.219e-01, 8.627e-02, 0.000e+00, 3.021e-01, 0.000e+00, 0.000e+00, 0.000e+00
2.040e+00, 4.204e-01, 8.695e-02, 0.000e+00, 3.020e-01, 0.000e+00, 0.000e+00, 0.000e+00
2.050e+00, 4.190e-01, 8.764e-02, 0.000e+00, 3.020e-01, 0.000e+00, 0.000e+00, 0.000e+00
2.060e+00, 4.176e-01, 8.832e-02, 0.000e+00, 3.020e-01, 0.000e+00, 0.000e+00, 0.000e+00
2.070e+00, 4.162e-01, 8.901e-02, 0.000e+00, 3.020e-01, 0.000e+00, 0.000e+00, 0.000e+00
2.080e+00, 4.148e-01, 8.970e-02, 0.000e+00, 3.019e-01, 0.000e+00, 0.000e+00, 0.000e+00
2.090e+00, 4.135e-01, 9.040e-02, 0.000e+00, 3.019e-01, 0.000e+00, 0.000e+00, 0.000e+00
2.100e+00, 4.121e-01, 9.109e-02, 0.000e+00, 3.019e-01, 0.000e+00, 0.000e+00, 0.000e+00
2.110e+00, 4.107e-01, 9.179e-02, 0.000e+00, 3.019e-01, 0.000e+00, 0.000e+00, 0.000e+00
2.120e+00, 4.094e-01, 9.249e-02, 0.000e+00, 3.018e-01, 0.000e+00, 0.000e+00, 0.000e+00
2.130e+00, 4.081e-01, 9.319e-02, 0.000e+00, 3.018e-01, 0.000e+00, 0.000e+00, 0.000e+00
2.140e+00, 4.067e-01, 9.390e-02, 0.000e+00, 3.018e-01, 0.000e+00, 0.000e+00, 0.000e+00
2.150e+00, 4.054e-01, 9.461e-02, 0.000e+00, 3.018e-01, 0.000e+00, 0.000e+00, 0.000e+00
2.160e+00, 4.041e-01, 9.532e-02, 0.000e+00, 3.017e-01, 0.000e+00, 0.000e+00, 0.000e+00
2.170e+00, 4.028e-01, 9.603e-02, 0.000e+00, 3.017e-01, 0.000e+00, 0.000e+00, 0.000e+00
2.180e+00, 4.015e-01, 9.674e-02, 0.000e+00, 3.017e-01, 0.000e+00, 0.000e+00, 0.000e+00
2.190e+00, 4.002e-01, 9.746e-02, 0.000e+00, 3.017e-01, 0.000e+00, 0.000e+00, 0.000e+00
2.200e+00, 3.990e-01, 9.818e-02, 0.000e+00, 3.017e-01, 0.000e+00, 0.000e+00, 0.000e+00
2.210e+00, 3.977e-01, 9.890e-02, 0.000e+00, 3.016e-01, 0.000e+00, 0.000e+00, 0.000e+00
2.220e+00, 3.964e-01, 9.962e-02, 0.000e+00, 3.016e-01, 0.000e+00, 0.000e+00, 0.000e+00
2.230e+00, 3.952e-01, 1.003e-01, 0.000e+00, 3.016e-01, 0.000e+00, 0.000e+00, 0.000e+00
2.240e+00, 3.939e-01, 1.011e-01, 0.000e+00, 3.016e-01, 0.000e+00, 0.000e+00, 0.000e+00
2.250e+00, 3.927e-01, 1.018e-01, 0.000e+00, 3.016e-01, 0.000e+00, 0.000e+00, 0.000e+00
2.260e+00, 3.915e-01, 1.025e-01, 0.000e+00, 3.015e-01, 0.000e+00, 0.000e+00, 0.000e+00
2.270e+00, 3.903e-01, 1.033e-01, 0.000e+00, 3.015e-01, 0.000e+00, 0.000e+00, 0.000e+00
2.280e+00, 3.890e-01, 1.040e-01, 0.000e+00, 3.015e-01, 0.000e+00, 0.000e+00, 0.000e+00
2.290e+00, 3.878e-01, 1.047e-01, 0.000e+00, 3.015e-01, 0.000e+00, 0.000e+00, 0.000e+00
2.300e+00, 3.866e-01, 1.055e-01, 0.000e+00, 3.015e-01, 0.000e+00, 0.000e+00, 0.000e+00
2.310e+00, 3.855e-01, 1.062e-01, 0.000e+00, 3.014e-01, 0.000e+00, 0.000e+00, 0.000e+00
2.320e+00, 3.843e-01, 1.070e-01, 0.000e+00, 3.014e-01, 0.000e+00, 0.000e+00, 0.000e+00
2.330e+00, 3.831e-01, 1.077e-01, 0.000e+00, 3.014e-01, 0.000e+00, 0.000e+00, 0.000e+00
2.340e+00, 3.819e-01, 1.085e-01, 0.000e+00, 3.014e-01, 0.000e+00, 0.000e+00, 0.000e+00
2.350e+00, 3.808e-01, 1.092e-01, 0.000e+00, 3.014e-01, 0.000e+00, 0.000e+00, 0.000e+00
2.360e+00, 3.796e-01, 1.100e-01, 0.000e+00, 3.014e-01, 0.000e+00, 0.000e+00, 0.000e+00
2.370e+00, 3.785e-01, 1.107e-01, 0.000e+00, 3.014e-01, 0.000e+00, 0.000e+00, 0.000e+00
2.380e+00, 3.774e-01, 1.115e-01, 0.000e+00, 3.013e-01, 0.000e+00, 0.000e+00, 0.000e+00
2.390e+00, 3.762e-01, 1.123e-01, 0.000e+00, 3.013e-01, 0.000e+00, 0.000e+00, 0.000e+00
2.400e+00, 3.751e-01, 1.130e-01, 0.000e+00, 3.013e-01, 0.000e+00, 0.000e+00, 0.000e+00
2.410e+00, 3.740e-01, 1.138e-01, 0.000e+00, 3.013e-01, 0.000e+00, 0.000e+00, 0.000e+00
2.420e+00, 3.729e-01, 1.146e-01, 0.000e+00, 3.013e-01, 0.000e+00, 0.000e+00, 0.000e+00
2.430e+00, 3.718e-01, 1.153e-01, 0.000e+00, 3.013e-01, 0.000e+00, 0.000e+00, 0.000e+00
2.440e+00, 3.707e-01, 1.161e-01, 0.000e+00, 3.013e-01, 0.000e+00, 0.000e+00, 0.000e+00
2.450e+00, 3.696e-01, 1.169e-01, 0.000e+00, 3.012e-01, 0.000e+00, 0.000e+00, 0.000e+00
2.460e+00, 3.685e-01, 1.177e-01, 0.000e+00, 3.012e-01, 0.000e+00, 0.000e+00, 0.000e+00
2.470e+00, 3.675e-01, 1.184e-01, 0.000e+00, 3.012e-01, 0.000e+00, 0.000e+00, 0.000e+00
2.480e+00, 3.664e-01, 1.192e-01, 0.000e+00, 3.012e-01, 0.000e+00, 0.000e+00, 0.000e+00
2.490e+00, 3.653e-01, 1.200e-01, 0.000e+00, 3.012e-01, 0.000e+00, 0.000e+00, 0.000e+00
2.500e+00, 3.643e-01, 1.208e-01, 0.000e+00, 3.012e-01, 0.000e+00, 0.000e+00, 0.000e+00
2.510e+00, 3.632e-01, 1.216e-01, 0.000e+00, 3.012e-01, 0.000e+00, 0.000e+00, 0.000e+00
2.520e+00, 3.622e-01, 1.224e-01, 0.000e+00, 3.011e-01, 0.000e+00, 0.000e+00, 0.000e+00
2.530e+00, 3.611e-01, 1.232e-01, 0.000e+00, 3.011e-01, 0.000e+00, 0.000e+00, 0.000e+00
2.540e+00, 3.601e-01, 1.240e-01, 0.000e+00, 3.011e-01, 0.000e+00, 0.000e+00, 0.000e+00
2.550e+00, 3.591e-01, 1.248e-01, 0.000e+00, 3.011e-01, 0.000e+00, 0.000e+00, 0.000e+00
2.560e+00, 3.581e-01, 1.256e-01, 0.000e+00, 3.011e-01, 0.000e+00, 0.000e+00, 0.000e+00
2.570e+00, 3.576e-01, 1.259e-01, 0.000e+00, 3.011e-01, 0.000e+00, 0.000e+00, 0.000e+00
2.580e+00, 3.566e-01, 1.267e-01, 0.000e+00, 3.011e-01, 0.000e+00, 0.000e+00, 0.000e+00
2.590e+00, 3.556e-01, 1.275e-01, 0.000e+00, 3.011e-01, 0.000e+00, 0.000e+00, 0.000e+00
2.600e+00, 3.546e-01, 1.284e-01, 0.000e+00, 3.011e-01, 0.000e+00, 0.000e+00, 0.000e+00
2.610e+00, 3.536e-01, 1.292e-01, 0.000e+00, 3.011e-01, 0.000e+00, 0.000e+00, 0.000e+00
2.620e+00, 3.526e-01, 1.300e-01, 0.000e+00, 3.010e-01, 0.000e+00, 0.000e+00, 0.000e+00
2.630e+00, 3.517e-01, 1.308e-01, 0.000e+00, 3.010e-01, 0.000e+00, 0.000e+00, 0.000e+00
2.640e+00, 3.507e-01, 1.316e-01, 0.000e+00, 3.010e-01, 0.000e+00, 0.000e+00, 0.000e+00
2.650e+00, 3.497e-01, 1.324e-01, 0.000e+00, 3.010e-01, 0.000e+00, 0.000e+00, 0.000e+00
2.660e+00, 3.488e-01, 1.332e-01, 0.000e+00, 3.010e-01, 0.000e+00, 0.000e+00, 0.000e+00
2.670e+00, 3.478e-01, 1.341e-01, 0.000e+00, 3.010e-01, 0.000e+00, 0.000e+00, 0.000e+00
2.680e+00, 3.469e-01, 1.349e-01, 0.000e+00, 3.010e-01, 0.000e+00, 0.000e+00, 0.000e+00
2.690e+00, 3.459e-01, 1.357e-01, 0.000e+00, 3.010e-01, 0.000e+00, 0.000e+00, 0.000e+00
2.700e+00, 3.450e-01, 1.365e-01, 0.000e+00, 3.010e-01, 0.000e+00, 0.000e+00, 0.000e+00
2.710e+00, 3.440e-01, 1.374e-01, 0.000e+00, 3.010e-01, 0.000e+00, 0.000e+00, 0.000e+00
2.720e+00, 3.431e-01, 1.382e-01, 0.000e+00, 3.010e-01, 0.000e+00, 0.000e+00, 0.000e+00
2.730e+00, 3.422e-01, 1.390e-01, 0.000e+00, 3.009e-01, 0.000e+00, 0.000e+00, 0.000e+00
2.740e+00, 3.413e-01, 1.399e-01, 0.000e+00, 3.009e-01, 0.000e+00, 0.000e+00, 0.000e+00
2.750e+00, 3.404e-01, 1.407e-01, 0.000e+00, 3.009e-01, 0.000e+00, 0.000e+00, 0.000e+00
2.760e+00, 3.395e-01, 1.416e-01, 0.000e+00, 3.009e-01, 0.000e+00, 0.000e+00, 0.000e+00
2.770e+00, 3.386e-01, 1.424e-01, 0.000e+00, 3.009e-01, 0.000e+00, 0.000e+00, 0.000e+00
2.780e+00, 3.377e-01, 1.433e-01, 0.000e+00, 3.009e-01, 0.000e+00, 0.000e+00, 0.000e+00
2.790e+00, 3.368e-01, 1.441e-01, 0.000e+00, 3.009e-01, 0.000e+00, 0.000e+00, 0.000e+00
2.800e+00, 3.359e-01, 1.450e-01, 0.000e+00, 3.009e-01, 0.000e+00, 0.000e+00, 0.000e+00
2.810e+00, 3.350e-01, 1.458e-01, 0.000e+00, 3.009e-01, 0.000e+00, 0.000e+00, 0.000e+00
2.820e+00, 3.341e-01, 1.467e-01, 0.000e+00, 3.009e-01, 0.000e+00, 0.000e+00, 0.000e+00
2.830e+00, 3.333e-01, 1.475e-01, 0.000e+00, 3.009e-01, 0.000e+00, 0.000e+00, 0.000e+00
2.840e+00, 3.324e-01, 1.484e-01, 0.000e+00, 3.009e-01, 0.000e+00, 0.000e+00, 0.000e+00
2.850e+00, 3.315e-01, 1.492e-01, 0.000e+00, 3.008e-01, 0.000e+00, 0.000e+00, 0.000e+00
2.860e+00, 3.307e-01, 1.501e-01, 0.000e+00, 3.008e-01, 0.000e+00, 0.000e+00, 0.000e+00
2.870e+00, 3.298e-01, 1.510e-01, 0.000e+00, 3.008e-01, 0.000e+00, 0.000e+00, 0.000e+00
2.880e+00, 3.290e-01, 1.518e-01, 0.000e+00, 3.008e-01, 0.000e+00, 0.000e+00, 0.000e+00
2.890e+00, 3.281e-01, 1.527e-01, 0.000e+00, 3.008e-01, 0.000e+00, 0.000e+00, 0.000e+00
2.900e+00, 3.273e-01, 1.536e-01, 0.000e+00, 3.008e-01, 0.000e+00, 0.000e+00, 0.000e+00
2.910e+00, 3.265e-01, 1.545e-01, 0.000e+00, 3.008e-01, 0.000e+00, 0.000e+00, 0.000e+00
2.920e+00, 3.256e-01, 1.553e-01, 0.000e+00, 3.008e-01, 0.000e+00, 0.000e+00, 0.000e+00
2.930e+00, 3.248e-01, 1.562e-01, 0.000e+00, 3.008e-01, 0.000e+00, 0.000e+00, 0.000e+00
2.940e+00, 3.240e-01, 1.571e-01, 0.000e+00, 3.008e-01, 0.000e+00, 0.000e+00, 0.000e+00
2.950e+00, 3.232e-01, 1.580e-01, 0.000e+00, 3.008e-01, 0.000e+00, 0.000e+00, 0.000e+00
2.960e+00, 3.224e-01, 1.589e-01, 0.000e+00, 3.008e-01, 0.000e+00, 0.000e+00, 0.000e+00
2.970e+00, 3.216e-01, 1.598e-01, 0.000e+00, 3.008e-01, 0.000e+00, 0.000e+00, 0.000e+00
2.980e+00, 3.208e-01, 1.606e-01, 0.000e+00, 3.008e-01, 0.000e+00, 0.000e+00, 0.000e+00
2.990e+00, 3.200e-01, 1.615e-01, 0.000e+00, 3.008e-01, 0.000e+00, 0.000e+00, 0.000e+00
3.000e+00, 3.192e-01, 1.624e-01, 0.000e+00, 3.007e-01, 0.000e+00, 0.000e+00, 0.000e+00
3.010e+00, 3.184e-01, 1.633e-01, 0.000e+00, 3.007e-01, 0.000e+00, 0.000e+00, 0.000e+00
3.020e+00, 3.176e-01, 1.642e-01, 0.000e+00, 3.007e-01, 0.000e+00, 0.000e+00, 0.000e+00
3.030e+00, 3.168e-01, 1.651e-01, 0.000e+00, 3.007e-01, 0.000e+00, 0.000e+00, 0.000e+00
3.040e+00, 3.161e-01, 1.660e-01, 0.000e+00, 3.007e-01, 0.000e+00, 0.000e+00, 0.000e+00
3.050e+00, 3.153e-01, 1.669e-01, 0.000e+00, 3.007e-01, 0.000e+00, 0.000e+00, 0.000e+00
3.060e+00, 3.145e-01, 1.678e-01, 0.000e+00, 3.007e-01, 0.000e+00, 0.000e+00, 0.000e+00
3.070e+00, 3.138e-01, 1.688e-01, 0.000e+00, 3.007e-01, 0.000e+00, 0.000e+00, 0.000e+00
3.080e+00, 3.130e-01, 1.697e-01, 0.000e+00, 3.007e-01, 0.000e+00, 0.000e+00, 0.000e+00
3.090e+00, 3.122e-01, 1.706e-01, 0.000e+00, 3.007e-01, 0.000e+00, 0.000e+00, 0.000e+00
3.100e+00, 3.115e-01, 1.715e-01, 0.000e+00, 3.007e-01, 0.000e+00, 0.000e+00, 0.000e+00
3.110e+00, 3.107e-01, 1.724e-01, 0.000e+00, 3.007e-01, 0.000e+00, 0.000e+00, 0.000e+00
3.120e+00, 3.100e-01, 1.733e-01, 0.000e+00, 3.007e-01, 0.000e+00, 0.000e+00, 0.000e+00
3.130e+00, 3.093e-01, 1.743e-01, 0.000e+00, 3.007e-01, 0.000e+00, 0.000e+00, 0.000e+00
3.140e+00, 3.085e-01, 1.752e-01, 0.000e+00, 3.007e-01, 0.000e+00, 0.000e+00, 0.000e+00
3.150e+00, 3.078e-01, 1.761e-01, 0.000e+00, 3.007e-01, 0.000e+00, 0.000e+00, 0.000e+00
3.160e+00, 3.071e-01, 1.770e-01, 0.000e+00, 3.007e-01, 0.000e+00, 0.000e+00, 0.000e+00
3.170e+00, 3.063e-01, 1.780e-01, 0.000e+00, 3.007e-01, 0.000e+00, 0.000e+00, 0.000e+00
3.180e+00, 3.056e-01, 1.789e-01, 0.000e+00, 3.007e-01, 0.000e+00, 0.000e+00, 0.000e+00
3.190e+00, 3.049e-01, 1.798e-01, 0.000e+00, 3.006e-01, 0.000e+00, 0.000e+00, 0.000e+00
3.200e+00, 3.042e-01, 1.808e-01, 0.000e+00, 3.006e-01, 0.000e+00, 0.000e+00, 0.000e+00
3.210e+00, 3.035e-01, 1.817e-01, 0.000e+00, 3.006e-01, 0.000e+00, 0.000e+00, 0.000e+00
3.220e+00, 3.028e-01, 1.827e-01, 0.000e+00, 3.006e-01, 0.000e+00, 0.000e+00, 0.000e+00
3.230e+00, 3.021e-01, 1.836e-01, 0.000e+00, 3.006e-01, 0.000e+00, 0.000e+00, 0.000e+00
3.240e+00, 3.014e-01, 1.845e-01, 0.000e+00, 3.006e-01, 0.000e+00, 0.000e+00, 0.000e+00
3.250e+00, 3.007e-01, 1.855e-01, 0.000e+00, 3.006e-01, 0.000e+00, 0.000e+00, 0.000e+00
3.260e+00, 3.000e-01, 1.864e-01, 0.000e+00, 3.006e-01, 0.000e+00, 0.000e+00, 0.000e+00
3.270e+00, 2.993e-01, 1.874e-01, 0.000e+00, 3.006e-01, 0.000e+00, 0.000e+00, 0.000e+00
3.280e+00, 2.986e-01, 1.883e-01, 0.000e+00, 3.006e-01, 0.000e+00, 0.000e+00, 0.000e+00
3.290e+00, 2.980e-01, 1.893e-01, 0.000e+00, 3.006e-01, 0.000e+00, 0.000e+00, 0.000e+00
3.300e+00, 2.973e-01, 1.903e-01, 0.000e+00, 3.006e-01, 0.000e+00, 0.000e+00, 0.000e+00
3.310e+00, 2.966e-01, 1.912e-01, 0.000e+00, 3.006e-01, 0.000e+00, 0.000e+00, 0.000e+00
3.320e+00, 2.959e-01, 1.922e-01, 0.000e+00, 3.006e-01, 0.000e+00, 0.000e+00, 0.000e+00
3.330e+00, 2.953e-01, 1.932e-01, 0.000e+00, 3.006e-01, 0.000e+00, 0.000e+00, 0.000e+00
3.340e+00, 2.946e-01, 1.941e-01, 0.000e+00, 3.006e-01, 0.000e+00, 0.000e+00, 0.000e+00
3.350e+00, 2.939e-01, 1.951e-01, 0.000e+00, 3.006e-01, 0.000e+00, 0.000e+00, 0.000e+00
3.360e+00, 2.933e-01, 1.961e-01, 0.000e+00, 3.006e-01, 0.000e+00, 0.000e+00, 0.000e+00
3.370e+00, 2.926e-01, 1.970e-01, 0.000e+00, 3.006e-01, 0.000e+00, 0.000e+00, 0.000e+00
3.380e+00, 2.920e-01, 1.980e-01, 0.000e+00, 3.006e-01, 0.000e+00, 0.000e+00, 0.000e+00
3.390e+00, 2.913e-01, 1.990e-01, 0.000e+00, 3.006e-01, 0.000e+00, 0.000e+00, 0.000e+00
3.400e+00, 2.907e-01, 2.000e-01, 0.000e+00, 3.006e-01, 0.000e+00, 0.000e+00, 0.000e+00
3.410e+00, 2.901e-01, 2.009e-01, 0.000e+00, 3.006e-01, 0.000e+00, 0.000e+00, 0.000e+00
3.420e+00, 2.894e-01, 2.019e-01, 0.000e+00, 3.006e-01, 0.000e+00, 0.000e+00, 0.000e+00
3.430e+00, 2.888e-01, 2.029e-01, 0.000e+00, 3.006e-01, 0.000e+00, 0.000e+00, 0.000e+00
3.440e+00, 2.882e-01, 2.039e-01, 0.000e+00, 3.005e-01, 0.000e+00, 0.000e+00, 0.000e+00
3.450e+00, 2.875e-01, 2.049e-01, 0.000e+00, 3.005e-01, 0.000e+00, 0.000e+00, 0.000e+00
3.460e+00, 2.869e-01, 2.059e-01, 0.000e+00, 3.005e-01, 0.000e+00, 0.000e+00, 0.000e+00
3.470e+00, 2.863e-01, 2.069e-01, 0.000e+00, 3.005e-01, 0.000e+00, 0.000e+00, 0.000e+00
3.480e+00, 2.857e-01, 2.079e-01, 0.000e+00, 3.005e-01, 0.000e+00, 0.000e+00, 0.000e+00
3.490e+00, 2.851e-01, 2.089e-01, 0.000e+00, 3.005e-01, 0.000e+00, 0.000e+00, 0.000e+00
3.500e+00, 2.845e-01, 2.099e-01, 0.000e+00, 3.005e-01, 0.000e+00, 0.000e+00, 0.000e+00
3.510e+00, 2.838e-01, 2.109e-01, 0.000e+00, 3.005e-01, 0.000e+00, 0.000e+00, 0.000e+00
3.520e+00, 2.832e-01, 2.119e-01, 0.000e+00, 3.005e-01, 0.000e+00, 0.000e+00, 0.000e+00
3.530e+00, 2.826e-01, 2.129e-01, 0.000e+00, 3.005e-01, 0.000e+00, 0.000e+00, 0.000e+00
3.540e+00, 2.820e-01, 2.139e-01, 0.000e+00, 3.005e-01, 0.000e+00, 0.000e+00, 0.000e+00
3.550e+00, 2.814e-01, 2.149e-01, 0.000e+00, 3.005e-01, 0.000e+00, 0.000e+00, 0.000e+00
3.560e+00, 2.809e-01, 2.159e-01, 0.000e+00, 3.005e-01, 0.000e+00, 0.000e+00, 0.000e+00
3.570e+00, 2.803e-01, 2.169e-01, 0.000e+00, 3.005e-01, 0.000e+00, 0.000e+00, 0.000e+00
3.580e+00, 2.797e-01, 2.179e-01, 0.000e+00, 3.005e-01, 0.000e+00, 0.000e+00, 0.000e+00
3.590e+00, 2.791e-01, 2.189e-01, 0.000e+00, 3.005e-01, 0.000e+00, 0.000e+00, 0.000e+00
3.600e+00, 2.785e-01, 2.200e-01, 0.000e+00, 3.005e-01, 0.000e+00, 0.000e+00, 0.000e+00
3.610e+00, 2.779e-01, 2.210e-01, 0.000e+00, 3.005e-01, 0.000e+00, 0.000e+00, 0.000e+00
3.620e+00, 2.774e-01, 2.220e-01, 0.000e+00, 3.005e-01, 0.000e+00, 0.000e+00, 0.000e+00
3.630e+00, 2.768e-01, 2.230e-01, 0.000e+00, 3.005e-01, 0.000e+00, 0.000e+00, 0.000e+00
3.640e+00, 2.762e-01, 2.241e-01, 0.000e+00, 3.005e-01, 0.000e+00, 0.000e+00, 0.000e+00
3.650e+00, 2.757e-01, 2.251e-01, 0.000e+00, 3.005e-01, 0.000e+00, 0.000e+00, 0.000e+00
3.660e+00, 2.751e-01, 2.261e-01, 0.000e+00, 3.005e-01, 0.000e+00, 0.000e+00, 0.000e+00
3.670e+00, 2.745e-01, 2.272e-01, 0.000e+00, 3.005e-01, 0.000e+00, 0.000e+00, 0.000e+00
3.680e+00, 2.740e-01, 2.282e-01, 0.000e+00, 3.005e-01, 0.000e+00, 0.000e+00, 0.000e+00
3.690e+00, 2.734e-01, 2.292e-01, 0.000e+00, 3.005e-01, 0.000e+00, 0.000e+00, 0.000e+00
3.700e+00, 2.729e-01, 2.303e-01, 0.000e+00, 3.005e-01, 0.000e+00, 0.000e+00, 0.000e+00
3.710e+00, 2.723e-01, 2.313e-01, 0.000e+00, 3.005e-01, 0.000e+00, 0.000e+00, 0.000e+00
3.720e+00, 2.718e-01, 2.323e-01, 0.000e+00, 3.005e-01, 0.000e+00, 0.000e+00, 0.000e+00
3.730e+00, 2.712e-01, 2.334e-01, 0.000e+00, 3.005e-01, 0.000e+00, 0.000e+00, 0.000e+00
3.740e+00, 2.707e-01, 2.344e-01, 0.000e+00, 3.005e-01, 0.000e+00, 0.000e+00, 0.000e+00
3.750e+00, 2.701e-01, 2.355e-01, 0.000e+00, 3.005e-01, 0.000e+00, 0.000e+00, 0.000e+00
3.760e+00, 2.696e-01, 2.365e-01, 0.000e+00, 3.005e-01, 0.000e+00, 0.000e+00, 0.000e+00
3.770e+00, 2.691e-01, 2.376e-01, 0.000e+00, 3.005e-01, 0.000e+00, 0.000e+00, 0.000e+00
3.780e+00, 2.685e-01, 2.386e-01, 0.000e+00, 3.005e-01, 0.000e+00, 0.000e+00, 0.000e+00
3.790e+00, 2.680e-01, 2.397e-01, 0.000e+00, 3.004e-01, 0.000e+00, 0.000e+00, 0.000e+00
3.800e+00, 2.675e-01, 2.408e-01, 0.000e+00, 3.004e-01, 0.000e+00, 0.000e+00, 0.000e+00
3.810e+00, 2.669e-01, 2.418e-01, 0.000e+00, 3.004e-01, 0.000e+00, 0.000e+00, 0.000e+00
3.820e+00, 2.664e-01, 2.429e-01, 0.000e+00, 3.004e-01, 0.000e+00, 0.000e+00, 0.000e+00
3.830e+00, 2.659e-01, 2.439e-01, 0.000e+00, 3.004e-01, 0.000e+00, 0.000e+00, 0.000e+00
3.840e+00, 2.654e-01, 2.450e-01, 0.000e+00, 3.004e-01, 0.000e+00, 0.000e+00, 0.000e+00
3.850e+00, 2.649e-01, 2.461e-01, 0.000e+00, 3.004e-01, 0.000e+00, 0.000e+00, 0.000e+00
3.860e+00, 2.644e-01, 2.471e-01, 0.000e+00, 3.004e-01, 0.000e+00, 0.000e+00, 0.000e+00
3.870e+00, 2.639e-01, 2.482e-01, 0.000e+00, 3.004e-01, 0.000e+00, 0.000e+00, 0.000e+00
3.880e+00, 2.633e-01, 2.493e-01, 0.000e+00, 3.004e-01, 0.000e+00, 0.000e+00, 0.000e+00
3.890e+00, 2.628e-01, 2.504e-01, 0.000e+00, 3.004e-01, 0.000e+00, 0.000e+00, 0.000e+00
3.900e+00, 2.623e-01, 2.514e-01, 0.000e+00, 3.004e-01, 0.000e+00, 0.000e+00, 0.000e+00
3.910e+00, 2.618e-01, 2.525e-01, 0.000e+00, 3.004e-01, 0.000e+00, 0.000e+00, 0.000e+00
3.920e+00, 2.613e-01, 2.536e-01, 0.000e+00, 3.004e-01, 0.000e+00, 0.000e+00, 0.000e+00
3.930e+00, 2.608e-01, 2.547e-01, 0.000e+00, 3.004e-01, 0.000e+00, 0.000e+00, 0.000e+00
3.940e+00, 2.604e-01, 2.558e-01, 0.000e+00, 3.004e-01, 0.000e+00, 0.000e+00, 0.000e+00
3.950e+00, 2.599e-01, 2.569e-01, 0.000e+00, 3.004e-01, 0.000e+00, 0.000e+00, 0.000e+00
3.960e+00, 2.594e-01, 2.579e-01, 0.000e+00, 3.004e-01, 0.000e+00, 0.000e+00, 0.000e+00
3.970e+00, 2.589e-01, 2.590e-01, 0.000e+00, 3.004e-01, 0.000e+00, 0.000e+00, 0.000e+00
3.980e+00, 2.584e-01, 2.601e-01, 0.000e+00, 3.004e-01, 0.000e+00, 0.000e+00, 0.000e+00
3.990e+00, 2.579e-01, 2.612e-01, 0.000e+00, 3.004e-01, 0.000e+00, 0.000e+00, 0.000e+00
4.000e+00, 2.574e-01, 2.623e-01, 0.000e+00, 3.004e-01, 0.000e+00, 0.000e+00, 0.000e+00
4.010e+00, 2.570e-01, 2.634e-01, 0.000e+00, 3.004e-01, 0.000e+00, 0.000e+00, 0.000e+00
4.020e+00, 2.565e-01, 2.645e-01, 0.000e+00, 3.004e-01, 0.000e+00, 0.000e+00, 0.000e+00
4.030e+00, 2.560e-01, 2.656e-01, 0.000e+00, 3.004e-01, 0.000e+00, 0.000e+00, 0.000e+00
4.040e+00, 2.556e-01, 2.667e-01, 0.000e+00, 3.004e-01, 0.000e+00, 0.000e+00, 0.000e+00
4.050e+00, 2.551e-01, 2.678e-01, 0.000e+00, 3.004e-01, 0.000e+00, 0.000e+00, 0.000e+00
4.060e+00, 2.546e-01, 2.689e-01, 0.000e+00, 3.004e-01, 0.000e+00, 0.000e+00, 0.000e+00
4.070e+00, 2.542e-01, 2.700e-01, 0.000e+00, 3.004e-01, 0.000e+00, 0.000e+00, 0.000e+00
4.080e+00, 2.537e-01, 2.711e-01, 0.000e+00, 3.004e-01, 0.000e+00, 0.000e+00, 0.000e+00
4.090e+00, 2.532e-01, 2.723e-01, 0.000e+00, 3.004e-01, 0.000e+00, 0.000e+00, 0.000e+00
4.100e+00, 2.528e-01, 2.734e-01, 0.000e+00, 3.004e-01, 0.000e+00, 0.000e+00, 0.000e+00
4.110e+00, 2.523e-01, 2.745e-01, 0.000e+00, 3.004e-01, 0.000e+00, 0.000e+00, 0.000e+00
4.120e+00, 2.519e-01, 2.756e-01, 0.000e+00, 3.004e-01, 0.000e+00, 0.000e+00, 0.000e+00
4.130e+00, 2.514e-01, 2.767e-01, 0.000e+00, 3.004e-01, 0.000e+00, 0.000e+00, 0.000e+00
4.140e+00, 2.510e-01, 2.778e-01, 0.000e+00, 3.004e-01, 0.000e+00, 0.000e+00, 0.000e+00
4.150e+00, 2.505e-01, 2.790e-01, 0.000e+00, 3.004e-01, 0.000e+00, 0.000e+00, 0.000e+00
4.160e+00, 2.501e-01, 2.801e-01, 0.000e+00, 3.004e-01, 0.000e+00, 0.000e+00, 0.000e+00
4.170e+00, 2.496e-01, 2.812e-01, 0.000e+00, 3.004e-01, 0.000e+00, 0.000e+00, 0.000e+00
4.180e+00, 2.492e-01, 2.823e-01, 0.000e+00, 3.004e-01, 0.000e+00, 0.000e+00, 0.000e+00
4.190e+00, 2.488e-01, 2.835e-01, 0.000e+00, 3.004e-01, 0.000e+00, 0.000e+00, 0.000e+00
4.200e+00, 2.483e-01, 2.846e-01, 0.000e+00, 3.004e-01, 0.000e+00, 0.000e+00, 0.000e+00
4.210e+00, 2.479e-01, 2.857e-01, 0.000e+00, 3.004e-01, 0.000e+00, 0.000e+00, 0.000e+00
4.220e+00, 2.475e-01, 2.869e-01, 0.000e+00, 3.004e-01, 0.000e+00, 0.000e+00, 0.000e+00
4.230e+00, 2.470e-01, 2.880e-01, 0.000e+00, 3.004e-01, 0.000e+00, 0.000e+00, 0.000e+00
4.240e+00, 2.466e-01, 2.891e-01, 0.000e+00, 3.004e-01, 0.000e+00, 0.000e+00, 0.000e+00
4.250e+00, 2.462e-01, 2.903e-01, 0.000e+00, 3.004e-01, 0.000e+00, 0.000e+00, 0.000e+00
4.260e+00, 2.458e-01, 2.914e-01, 0.000e+00, 3.004e-01, 0.000e+00, 0.000e+00, 0.000e+00
4.270e+00, 2.453e-01, 2.926e-01, 0.000e+00, 3.004e-01, 0.000e+00, 0.000e+00, 0.000e+00
4.280e+00, 2.449e-01, 2.937e-01, 0.000e+00, 3.004e-01, 0.000e+00, 0.000e+00, 0.000e+00
4.290e+00, 2.445e-01, 2.949e-01, 0.000e+00, 3.004e-01, 0.000e+00, 0.000e+00, 0.000e+00
4.300e+00, 2.441e-01, 2.960e-01, 0.000e+00, 3.004e-01, 0.000e+00, 0.000e+00, 0.000e+00
4.310e+00, 2.437e-01, 2.972e-01, 0.000e+00, 3.004e-01, 0.000e+00, 0.000e+00, 0.000e+00
4.320e+00, 2.433e-01, 2.983e-01, 0.000e+00, 3.004e-01, 0.000e+00, 0.000e+00, 0.000e+00
4.330e+00, 2.429e-01, 2.995e-01, 0.000e+00, 3.003e-01, 0.000e+00, 0.000e+00, 0.000e+00
4.340e+00, 2.424e-01, 3.006e-01, 0.000e+00, 3.003e-01, 0.000e+00, 0.000e+00, 0.000e+00
4.350e+00, 2.420e-01, 3.018e-01, 0.000e+00, 3.003e-01, 0.000e+00, 0.000e+00, 0.000e+00
4.360e+00, 2.416e-01, 3.029e-01, 0.000e+00, 3.003e-01, 0.000e+00, 0.000e+00, 0.000e+00
4.370e+00, 2.412e-01, 3.041e-01, 0.000e+00, 3.003e-01, 0.000e+00, 0.000e+00, 0.000e+00
4.380e+00, 2.408e-01, 3.053e-01, 0.000e+00, 3.003e-01, 0.000e+00, 0.000e+00, 0.000e+00
4.390e+00, 2.404e-01, 3.064e-01, 0.000e+00, 3.003e-01, 0.000e+00, 0.000e+00, 0.000e+00
4.400e+00, 2.400e-01, 3.076e-01, 0.000e+00, 3.003e-01, 0.000e+00, 0.000e+00, 0.000e+00
4.410e+00, 2.396e-01, 3.087e-01, 0.000e+00, 3.003e-01, 0.000e+00, 0.000e+00, 0.000e+00
4.420e+00, 2.393e-01, 3.099e-01, 0.000e+00, 3.003e-01, 0.000e+00, 0.000e+00, 0.000e+00
4.430e+00, 2.389e-01, 3.111e-01, 0.000e+00, 3.003e-01, 0.000e+00, 0.000e+00, 0.000e+00
4.440e+00, 2.385e-01, 3.123e-01, 0.000e+00, 3.003e-01, 0.000e+00, 0.000e+00, 0.000e+00
4.450e+00, 2.381e-01, 3.134e-01, 0.000e+00, 3.003e-01, 0.000e+00, 0.000e+00, 0.000e+00
4.460e+00, 2.377e-01, 3.146e-01, 0.000e+00, 3.003e-01, 0.000e+00, 0.000e+00, 0.000e+00
4.470e+00, 2.373e-01, 3.158e-01, 0.000e+00, 3.003e-01, 0.000e+00, 0.000e+00, 0.000e+00
4.480e+00, 2.369e-01, 3.170e-01, 0.000e+00, 3.003e-01, 0.000e+00, 0.000e+00, 0.000e+00
4.490e+00, 2.366e-01, 3.181e-01, 0.000e+00, 3.003e-01, 0.000e+00, 0.000e+00, 0.000e+00
4.500e+00, 2.362e-01, 3.193e-01, 0.000e+00, 3.003e-01, 0.000e+00, 0.000e+00, 0.000e+00
4.510e+00, 2.358e-01, 3.205e-01, 0.000e+00, 3.003e-01, 0.000e+00, 0.000e+00, 0.000e+00
4.520e+00, 2.354e-01, 3.217e-01, 0.000e+00, 3.003e-01, 0.000e+00, 0.000e+00, 0.000e+00
4.530e+00, 2.350e-01, 3.229e-01, 0.000e+00, 3.003e-01, 0.000e+00, 0.000e+00, 0.000e+00
4.540e+00, 2.347e-01, 3.240e-01, 0.000e+00, 3.003e-01, 0.000e+00, 0.000e+00, 0.000e+00
4.550e+00, 2.343e-01, 3.252e-01, 0.000e+00, 3.003e-01, 0.000e+00, 0.000e+00, 0.000e+00
4.560e+00, 2.339e-01, 3.264e-01, 0.000e+00, 3.003e-01, 0.000e+00, 0.000e+00, 0.000e+00
4.570e+00, 2.336e-01, 3.276e-01, 0.000e+00, 3.003e-01, 0.000e+00, 0.000e+00, 0.000e+00
4.580e+00, 2.332e-01, 3.288e-01, 0.000e+00, 3.003e-01, 0.000e+00, 0.000e+00, 0.000e+00
4.590e+00, 2.328e-01, 3.300e-01, 0.000e+00, 3.003e-01, 0.000e+00, 0.000e+00, 0.000e+00
4.600e+00, 2.325e-01, 3.312e-01, 0.000e+00, 3.003e-01, 0.000e+00, 0.000e+00, 0.000e+00
4.610e+00, 2.321e-01, 3.324e-01, 0.000e+00, 3.003e-01, 0.000e+00, 0.000e+00, 0.000e+00
4.620e+00, 2.318e-01, 3.336e-01, 0.000e+00, 3.003e-01, 0.000e+00, 0.000e+00, 0.000e+00
4.630e+00, 2.314e-01, 3.348e-01, 0.000e+00, 3.003e-01, 0.000e+00, 0.000e+00, 0.000e+00
4.640e+00, 2.311e-01, 3.360e-01, 0.000e+00, 3.003e-01, 0.000e+00, 0.000e+00, 0.000e+00
4.650e+00, 2.307e-01, 3.372e-01, 0.000e+00, 3.003e-01, 0.000e+00, 0.000e+00, 0.000e+00
4.660e+00, 2.303e-01, 3.384e-01, 0.000e+00, 3.003e-01, 0.000e+00, 0.000e+00, 0.000e+00
4.670e+00, 2.300e-01, 3.396e-01, 0.000e+00, 3.003e-01, 0.000e+00, 0.000e+00, 0.000e+00
4.680e+00, 2.296e-01, 3.408e-01, 0.000e+00, 3.003e-01, 0.000e+00, 0.000e+00, 0.000e+00
4.690e+00, 2.293e-01, 3.420e-01, 0.000e+00, 3.003e-01, 0.000e+00, 0.000e+00, 0.000e+00
4.700e+00, 2.290e-01, 3.432e-01, 0.000e+00, 3.003e-01, 0.000e+00, 0.000e+00, 0.000e+00
4.710e+00, 2.286e-01, 3.445e-01, 0.000e+00, 3.003e-01, 0.000e+00, 0.000e+00, 0.000e+00
4.720e+00, 2.283e-01, 3.457e-01, 0.000e+00, 3.003e-01, 0.000e+00, 0.000e+00, 0.000e+00
4.730e+00, 2.279e-01, 3.469e-01, 0.000e+00, 3.003e-01, 0.000e+00, 0.000e+00, 0.000e+00
4.740e+00, 2.276e-01, 3.481e-01, 0.000e+00, 3.003e-01, 0.000e+00, 0.000e+00, 0.000e+00
4.750e+00, 2.273e-01, 3.493e-01, 0.000e+00, 3.003e-01, 0.000e+00, 0.000e+00, 0.000e+00
4.760e+00, 2.269e-01, 3.505e-01, 0.000e+00, 3.003e-01, 0.000e+00, 0.000e+00, 0.000e+00
4.770e+00, 2.266e-01, 3.518e-01, 0.000e+00, 3.003e-01, 0.000e+00, 0.000e+00, 0.000e+00
4.780e+00, 2.263e-01, 3.530e-01, 0.000e+00, 3.003e-01, 0.000e+00, 0.000e+00, 0.000e+00
4.790e+00, 2.259e-01, 3.542e-01, 0.000e+00, 3.003e-01, 0.000e+00, 0.000e+00, 0.000e+00
4.800e+00, 2.256e-01, 3.554e-01, 0.000e+00, 3.003e-01, 0.000e+00, 0.000e+00, 0.000e+00
4.810e+00, 2.253e-01, 3.566e-01, 0.000e+00, 3.003e-01, 0.000e+00, 0.000e+00, 0.000e+00
4.820e+00, 2.249e-01, 3.579e-01, 0.000e+00, 3.003e-01, 0.000e+00, 0.000e+00, 0.000e+00
4.830e+00, 2.246e-01, 3.591e-01, 0.000e+00, 3.003e-01, 0.000e+00, 0.000e+00, 0.000e+00
4.840e+00, 2.243e-01, 3.603e-01, 0.000e+00, 3.003e-01, 0.000e+00, 0.000e+00, 0.000e+00
4.850e+00, 2.240e-01, 3.616e-01, 0.000e+00, 3.003e-01, 0.000e+00, 0.000e+00, 0.000e+00
4.860e+00, 2.236e-01, 3.628e-01, 0.000e+00, 3.003e-01, 0.000e+00, 0.000e+00, 0.000e+00
4.870e+00, 2.233e-01, 3.640e-01, 0.000e+00, 3.003e-01, 0.000e+00, 0.000e+00, 0.000e+00
4.880e+00, 2.230e-01, 3.653e-01, 0.000e+00, 3.003e-01, 0.000e+00, 0.000e+00, 0.000e+00
4.890e+00, 2.227e-01, 3.665e-01, 0.000e+00, 3.003e-01, 0.000e+00, 0.000e+00, 0.000e+00
4.900e+00, 2.224e-01, 3.677e-01, 0.000e+00, 3.003e-01, 0.000e+00, 0.000e+00, 0.000e+00
4.910e+00, 2.221e-01, 3.690e-01, 0.000e+00, 3.003e-01, 0.000e+00, 0.000e+00, 0.000e+00
4.920e+00, 2.218e-01, 3.702e-01, 0.000e+00, 3.003e-01, 0.000e+00, 0.000e+00, 0.000e+00
4.930e+00, 2.215e-01, 3.714e-01, 0.000e+00, 3.003e-01, 0.000e+00, 0.000e+00, 0.000e+00
4.940e+00, 2.211e-01, 3.727e-01, 0.000e+00, 3.003e-01, 0.000e+00, 0.000e+00, 0.000e+00
4.950e+00, 2.208e-01, 3.739e-01, 0.000e+00, 3.003e-01, 0.000e+00, 0.000e+00, 0.000e+00
4.960e+00, 2.205e-01, 3.751e-01, 0.000e+00, 3.003e-01, 0.000e+00, 0.000e+00, 0.000e+00
4.970e+00, 2.202e-01, 3.764e-01, 0.000e+00, 3.003e-01, 0.000e+00, 0.000e+00, 0.000e+00
4.980e+00, 2.199e-01, 3.776e-01, 0.000e+00, 3.003e-01, 0.000e+00, 0.000e+00, 0.000e+00
4.990e+00, 2.196e-01, 3.789e-01, 0.000e+00, 3.003e-01, 0.000e+00, 0.000e+00, 0.000e+00
5.000e+00, 2.193e-01, 3.801e-01, 0.000e+00, 3.003e-01, 0.000e+00, 0.000e+00, 0.000e+00
5.010e+00, 2.190e-01, 3.814e-01, 0.000e+00, 3.003e-01, 0.000e+00, 0.000e+00, 0.000e+00
5.020e+00, 2.187e-01, 3.826e-01, 0.000e+00, 3.003e-01, 0.000e+00, 0.000e+00, 0.000e+00
5.030e+00, 2.184e-01, 3.839e-01, 0.000e+00, 3.003e-01, 0.000e+00, 0.000e+00, 0.000e+00
5.040e+00, 2.181e-01, 3.851e-01, 0.000e+00, 3.003e-01, 0.000e+00, 0.000e+00, 0.000e+00
5.050e+00, 2.179e-01, 3.863e-01, 0.000e+00, 3.003e-01, 0.000e+00, 0.000e+00, 0.000e+00
5.060e+00, 2.176e-01, 3.876e-01, 0.000e+00, 3.003e-01, 0.000e+00, 0.000e+00, 0.000e+00
5.070e+00, 2.173e-01, 3.889e-01, 0.000e+00, 3.003e-01, 0.000e+00, 0.000e+00, 0.000e+00
5.080e+00, 2.170e-01, 3.901e-01, 0.000e+00, 3.003e-01, 0.000e+00, 0.000e+00, 0.000e+00
5.090e+00, 2.167e-01, 3.913e-01, 0.000e+00, 3.003e-01, 0.000e+00, 0.000e+00, 0.000e+00
5.100e+00, 2.164e-01, 3.926e-01, 0.000e+00, 3.003e-01, 0.000e+00, 0.000e+00, 0.000e+00
5.110e+00, 2.161e-01, 3.939e-01, 0.000e+00, 3.003e-01, 0.000e+00, 0.000e+00, 0.000e+00
5.120e+00, 2.158e-01, 3.951e-01, 0.000e+00, 3.003e-01, 0.000e+00, 0.000e+00, 0.000e+00
5.130e+00, 2.156e-01, 3.964e-01, 0.000e+00, 3.003e-01, 0.000e+00, 0.000e+00, 0.000e+00
5.140e+00, 2.153e-01, 3.976e-01, 0.000e+00, 3.003e-01, 0.000e+00, 0.000e+00, 0.000e+00
5.150e+00, 2.150e-01, 3.989e-01, 0.000e+00, 3.003e-01, 0.000e+00, 0.000e+00, 0.000e+00
5.160e+00, 2.147e-01, 4.002e-01, 0.000e+00, 3.003e-01, 0.000e+00, 0.000e+00, 0.000e+00
5.170e+00, 2.145e-01, 4.014e-01, 0.000e+00, 3.003e-01, 0.000e+00, 0.000e+00, 0.000e+00
5.180e+00, 2.142e-01, 4.027e-01, 0.000e+00, 3.003e-01, 0.000e+00, 0.000e+00, 0.000e+00
5.190e+00, 2.139e-01, 4.039e-01, 0.000e+00, 3.003e-01, 0.000e+00, 0.000e+00, 0.000e+00
5.200e+00, 2.136e-01, 4.052e-01, 0.000e+00, 3.003e-01, 0.000e+00, 0.000e+00, 0.000e+00
5.210e+00, 2.134e-01, 4.065e-01, 0.000e+00, 3.003e-01, 0.000e+00, 0.000e+00, 0.000e+00
5.220e+00, 2.131e-01, 4.077e-01, 0.000e+00, 3.003e-01, 0.000e+00, 0.000e+00, 0.000e+00
5.230e+00, 2.128e-01, 4.090e-01, 0.000e+00, 3.003e-01, 0.000e+00, 0.000e+00, 0.000e+00
5.240e+00, 2.126e-01, 4.103e-01, 0.000e+00, 3.003e-01, 0.000e+00, 0.000e+00, 0.000e+00
5.250e+00, 2.123e-01, 4.115e-01, 0.000e+00, 3.003e-01, 0.000e+00, 0.000e+00, 0.000e+00
5.260e+00, 2.120e-01, 4.128e-01, 0.000e+00, 3.003e-01, 0.000e+00, 0.000e+00, 0.000e+00
5.270e+00, 2.118e-01, 4.141e-01, 0.000e+00, 3.003e-01, 0.000e+00, 0.000e+00, 0.000e+00
5.280e+00, 2.115e-01, 4.153e-01, 0.000e+00, 3.003e-01, 0.000e+00, 0.000e+00, 0.000e+00
5.290e+00, 2.113e-01, 4.166e-01, 0.000e+00, 3.003e-01, 0.000e+00, 0.000e+00, 0.000e+00
5.300e+00, 2.110e-01, 4.179e-01, 0.000e+00, 3.003e-01, 0.000e+00, 0.000e+00, 0.000e+00
5.310e+00, 2.107e-01, 4.191e-01, 0.000e+00, 3.003e-01, 0.000e+00, 0.000e+00, 0.000e+00
5.320e+00, 2.105e-01, 4.204e-01, 0.000e+00, 3.003e-01, 0.000e+00, 0.000e+00, 0.000e+00
5.330e+00, 2.102e-01, 4.216e-01, 0.000e+00, 3.003e-01, 0.000e+00, 0.000e+00, 0.000e+00
5.340e+00, 2.100e-01, 4.229e-01, 0.000e+00, 3.003e-01, 0.000e+00, 0.000e+00, 0.000e+00
5.350e+00, 2.097e-01, 4.242e-01, 0.000e+00, 3.003e-01, 0.000e+00, 0.000e+00, 0.000e+00
5.360e+00, 2.095e-01, 4.255e-01, 0.000e+00, 3.003e-01, 0.000e+00, 0.000e+00, 0.000e+00
5.370e+00, 2.092e-01, 4.267e-01, 0.000e+00, 3.002e-01, 0.000e+00, 0.000e+00, 0.000e+00
5.380e+00, 2.090e-01, 4.280e-01, 0.000e+00, 3.002e-01, 0.000e+00, 0.000e+00, 0.000e+00
5.390e+00, 2.087e-01, 4.292e-01, 0.000e+00, 3.002e-01, 0.000e+00, 0.000e+00, 0.000e+00
5.400e+00, 2.085e-01, 4.304e-01, 0.000e+00, 3.002e-01, 0.000e+00, 0.000e+00, 0.000e+00
5.410e+00, 2.083e-01, 4.317e-01, 0.000e+00, 3.002e-01, 0.000e+00, 0.000e+00, 0.000e+00
5.420e+00, 2.080e-01, 4.330e-01, 0.000e+00, 3.002e-01, 0.000e+00, 0.000e+00, 0.000e+00
5.430e+00, 2.078e-01, 4.343e-01, 0.000e+00, 3.002e-01, 0.000e+00, 0.000e+00, 0.000e+00
5.440e+00, 2.075e-01, 4.356e-01, 0.000e+00, 3.002e-01, 0.000e+00, 0.000e+00, 0.000e+00
5.450e+00, 2.073e-01, 4.369e-01, 0.000e+00, 3.002e-01, 0.000e+00, 0.000e+00, 0.000e+00
5.460e+00, 2.071e-01, 4.381e-01, 0.000e+00, 3.002e-01, 0.000e+00, 0.000e+00, 0.000e+00
5.470e+00, 2.068e-01, 4.394e-01, 0.000e+00, 3.002e-01, 0.000e+00, 0.000e+00, 0.000e+00
5.480e+00, 2.066e-01, 4.405e-01, 0.000e+00, 3.002e-01, 0.000e+00, 0.000e+00, 0.000e+00
5.490e+00, 2.063e-01, 4.419e-01, 0.000e+00, 3.002e-01, 0.000e+00, 0.000e+00, 0.000e+00
5.500e+00, 2.060e-01, 4.438e-01, 0.000e+00, 3.002e-01, 0.000e+00, 0.000e+00, 0.000e+00
5.510e+00, 2.059e-01, 4.445e-01, 0.000e+00, 3.002e-01, 0.000e+00, 0.000e+00, 0.000e+00
5.520e+00, 2.057e-01, 4.457e-01, 0.000e+00, 3.002e-01, 0.000e+00, 0.000e+00, 0.000e+00
5.530e+00, 2.054e-01, 4.470e-01, 0.000e+00, 3.002e-01, 0.000e+00, 0.000e+00, 0.000e+00
5.540e+00, 2.051e-01, 4.488e-01, 0.000e+00, 3.002e-01, 0.000e+00, 0.000e+00, 0.000e+00
5.550e+00, 2.049e-01, 4.502e-01, 0.000e+00, 3.002e-01, 0.000e+00, 0.000e+00, 0.000e+00
5.560e+00, 2.047e-01, 4.512e-01, 0.000e+00, 3.002e-01, 0.000e+00, 0.000e+00, 0.000e+00
5.570e+00, 2.045e-01, 4.524e-01, 0.000e+00, 3.002e-01, 0.000e+00, 0.000e+00, 0.000e+00
5.580e+00, 2.043e-01, 4.536e-01, 0.000e+00, 3.002e-01, 0.000e+00, 0.000e+00, 0.000e+00
5.590e+00, 2.040e-01, 4.551e-01, 0.000e+00, 3.002e-01, 0.000e+00, 0.000e+00, 0.000e+00
5.600e+00, 2.038e-01, 4.562e-01, 0.000e+00, 3.002e-01, 0.000e+00, 0.000e+00, 0.000e+00
5.610e+00, 2.036e-01, 4.575e-01, 0.000e+00, 3.002e-01, 0.000e+00, 0.000e+00, 0.000e+00
5.620e+00, 2.033e-01, 4.591e-01, 0.000e+00, 3.002e-01, 0.000e+00, 0.000e+00, 0.000e+00
5.630e+00, 2.031e-01, 4.605e-01, 0.000e+00, 3.002e-01, 0.000e+00, 0.000e+00, 0.000e+00
5.640e+00, 2.028e-01, 4.619e-01, 0.000e+00, 3.002e-01, 0.000e+00, 0.000e+00, 0.000e+00
5.650e+00, 2.026e-01, 4.632e-01, 0.000e+00, 3.002e-01, 0.000e+00, 0.000e+00, 0.000e+00
5.660e+00, 2.025e-01, 4.640e-01, 0.000e+00, 3.002e-01, 0.000e+00, 0.000e+00, 0.000e+00
5.670e+00, 2.022e-01, 4.653e-01, 0.000e+00, 3.002e-01, 0.000e+00, 0.000e+00, 0.000e+00
5.680e+00, 2.020e-01, 4.667e-01, 0.000e+00, 3.002e-01, 0.000e+00, 0.000e+00, 0.000e+00
5.690e+00, 2.018e-01, 4.681e-01, 0.000e+00, 3.002e-01, 0.000e+00, 0.000e+00, 0.000e+00
5.700e+00, 2.016e-01, 4.696e-01, 0.000e+00, 3.002e-01, 0.000e+00, 0.000e+00, 0.000e+00
5.710e+00, 2.013e-01, 4.709e-01, 0.000e+00, 3.002e-01, 0.000e+00, 0.000e+00, 0.000e+00
5.720e+00, 2.011e-01, 4.721e-01, 0.000e+00, 3.002e-01, 0.000e+00, 0.000e+00, 0.000e+00
5.730e+00, 2.009e-01, 4.734e-01, 0.000e+00, 3.002e-01, 0.000e+00, 0.000e+00, 0.000e+00
5.740e+00, 2.007e-01, 4.748e-01, 0.000e+00, 3.002e-01, 0.000e+00, 0.000e+00, 0.000e+00
5.750e+00, 2.005e-01, 4.761e-01, 0.000e+00, 3.002e-01, 0.000e+00, 0.000e+00, 0.000e+00
5.760e+00, 2.003e-01, 4.776e-01, 0.000e+00, 3.002e-01, 0.000e+00, 0.000e+00, 0.000e+00
5.770e+00, 2.001e-01, 4.789e-01, 0.000e+00, 3.002e-01, 0.000e+00, 0.000e+00, 0.000e+00
5.780e+00, 1.998e-01, 4.802e-01, 0.000e+00, 3.002e-01, 0.000e+00, 0.000e+00, 0.000e+00
5.790e+00, 1.996e-01, 4.817e-01, 0.000e+00, 3.002e-01, 0.000e+00, 0.000e+00, 0.000e+00
5.800e+00, 1.994e-01, 4.829e-01, 0.000e+00, 3.002e-01, 0.000e+00, 0.000e+00, 0.000e+00
5.810e+00, 1.992e-01, 4.842e-01, 0.000e+00, 3.002e-01, 0.000e+00, 0.000e+00, 0.000e+00
5.820e+00, 1.990e-01, 4.856e-01, 0.000e+00, 3.002e-01, 0.000e+00, 0.000e+00, 0.000e+00
5.830e+00, 1.988e-01, 4.870e-01, 0.000e+00, 3.002e-01, 0.000e+00, 0.000e+00, 0.000e+00
5.840e+00, 1.986e-01, 4.884e-01, 0.000e+00, 3.002e-01, 0.000e+00, 0.000e+00, 0.000e+00
5.850e+00, 1.984e-01, 4.897e-01, 0.000e+00, 3.002e-01, 0.000e+00, 0.000e+00, 0.000e+00
5.860e+00, 1.982e-01, 4.910e-01, 0.000e+00, 3.002e-01, 0.000e+00, 0.000e+00, 0.000e+00
5.870e+00, 1.980e-01, 4.924e-01, 0.000e+00, 3.002e-01, 0.000e+00, 0.000e+00, 0.000e+00
5.880e+00, 1.978e-01, 4.937e-01, 0.000e+00, 3.002e-01, 0.000e+00, 0.000e+00, 0.000e+00
5.890e+00, 1.976e-01, 4.951e-01, 0.000e+00, 3.002e-01, 0.000e+00, 0.000e+00, 0.000e+00
5.900e+00, 1.974e-01, 4.964e-01, 0.000e+00, 3.002e-01, 0.000e+00, 0.000e+00, 0.000e+00
5.910e+00, 1.972e-01, 4.978e-01, 0.000e+00, 3.002e-01, 0.000e+00, 0.000e+00, 0.000e+00
5.920e+00, 1.970e-01, 4.991e-01, 0.000e+00, 3.002e-01, 0.000e+00, 0.000e+00, 0.000e+00
5.930e+00, 1.968e-01, 5.005e-01, 0.000e+00, 3.002e-01, 0.000e+00, 0.000e+00, 0.000e+00
5.940e+00, 1.966e-01, 5.019e-01, 0.000e+00, 3.002e-01, 0.000e+00, 0.000e+00, 0.000e+00
5.950e+00, 1.964e-01, 5.032e-01, 0.000e+00, 3.002e-01, 0.000e+00, 0.000e+00, 0.000e+00
5.960e+00, 1.962e-01, 5.046e-01, 0.000e+00, 3.002e-01, 0.000e+00, 0.000e+00, 0.000e+00
5.970e+00, 1.960e-01, 5.059e-01, 0.000e+00, 3.002e-01, 0.000e+00, 0.000e+00, 0.000e+00
5.980e+00, 1.958e-01, 5.073e-01, 0.000e+00, 3.002e-01, 0.000e+00, 0.000e+00, 0.000e+00
5.990e+00, 1.956e-01, 5.086e-01, 0.000e+00, 3.002e-01, 0.000e+00, 0.000e+00, 0.000e+00
6.000e+00, 1.954e-01, 5.099e-01, 0.000e+00, 3.002e-01, 0.000e+00, 0.000e+00, 0.000e+00
